2245 3996 6508 2265 3986
6503 2283 3996 6508 2284
4017 6501 2283 4060 6508
2292 4039 6501 2359 3867
6508 2526 3483 6502 2853
2964 6508 3376 2389 6500
4109 1869 6508 4997 1536
6504 5935 1611 6508 6752
2194 6497 7266 3222 6508
7296 4474 6510 6772 5736
6508 5794 6746 6470 4641
7282 6446 3602 7235 6430
2853 6767 6446 2391 6131
6443 2130 5542 6446 1960
5055 6436 1826 4705 6446
1710 4484 6440 1636 4382
6446 1603 4318 6438 1598
4253 6446 1584 4175 6440
1560 4125 6446 1522 4093
6438 1484 4060 6446 1437
3994 6440 1408 3931 6446
1392 3905 6438 1408 3931
6446 1422 3946 6440 1446
3931 6446 1470 3883 6436
1522 3867 6446 1582 3865
6443 1636 3867 6446 1651
3831 6430 1636 3802 6446
1609 3790 6469 1598 3802
6508 1596 3800 6510 1598
3802 6508 1593 3801 6493
1598 3802 6508 1602 3773
6524 1598 3738 6571 1584
3699 6603 1598 3673 6633
1646 3638 6642 1712 3609
6696 1759 3575 6778 1788
3544 6884 1788 3501 6946
1750 3480 7009 1671 3490
7077 1598 3544 7196 1560
3591 7316 1560 3609 7447
1568 3580 7543 1598 3544
7634 1660 3505 7708 1750
3480 7822 1823 3460 7946
1864 3480 8073 1890 3531
8141 1940 3609 8198 2004
3674 8244 2054 3738 8323
2062 3780 8384 2054 3802
8448 2050 3794 8496 2054
3802 8573 2043 3829 8637
2016 3867 8698 1967 3888
8723 1902 3931 8761 1830
3995 8789 1788 4060 8823
1780 4072 8820 1788 4060
8823 1783 4050 8815 1788
4060 8823 1813 4062 8812
1864 4060 8823 1900 4056
8824 1940 4060 8823 1983
4053 8781 2054 4060 8761
2128 4060 8750 2207 4060
8761 2262 4044 8730 2283
4060 8698 2254 4074 8655
2207 4060 8636 2158 4011
8596 2130 3996 8573 2152
3933 8538 2283 3673 8511
2548 3148 8443 2967 2513
8385 3585 1879 8332 4451
1289 8323 5465 879 8296
6391 1031 8260 7014 1966
8186 7266 3480 8135 7105
5051 8089 6468 6316 8073
5407 7116 8036 4223 7411
8010 3251 7178 7968 2625
6573 7947 2250 5859 7909
2016 5285 7885 1858 4896
7844 1750 4640 7822 1660
4423 7782 1598 4253 7760
1568 4148 7739 1560 4125
7760 1542 4126 7766 1522
4125 7760 1489 4096 7712
1446 4060 7697 1378 4021
7693 1332 3996 7697 1314
3966 7657 1332 3931 7634
1335 3883 7624 1332 3867
7634 1322 3863 7601 1332
3867 7572 1338 3851 7552
1332 3867 7572 1307 3901
7571 1294 3931 7572 1290
3907 7559 1294 3867 7572
1297 3830 7567 1332 3802
7572 1400 3741 7561 1484
3673 7572 1547 3621 7567
1598 3609 7572 1641 3586
7560 1674 3544 7572 1679
3492 7569 1674 3480 7572
1670 3484 7554 1674 3480
7572 1671 3440 7597 1674
3416 7634 1687 3412 7630
1712 3416 7634 1729 3383
7645 1750 3351 7697 1790
3338 7745 1864 3351 7822
1947 3346 7886 2016 3351
7947 2058 3390 7967 2092
3480 8010 2119 3560 8063
2130 3609 8135 2113 3626
8166 2092 3673 8198 2084
3757 8219 2092 3867 8260
2095 3945 8280 2092 3996
8323 2077 4023 8355 2054
4060 8385 2013 4094 8373
1978 4125 8385 1961 4133
8409 1978 4125 8448 1997
4093 8442 2016 4060 8448
2014 4037 8465 2016 4060
8511 2013 4094 8515 2016
4125 8511 2013 4119 8495
2016 4125 8511 2017 4128
8510 2016 4125 8511 1997
4092 8478 1978 4060 8448
1988 3955 8401 2092 3673
8385 2339 3170 8358 2777
2578 8323 3421 1994 8246
4261 1482 8198 5219 1151
8160 6163 1289 8135 6906
2062 8066 7266 3351 8010
7096 4786 7963 6391 6058
7947 5329 6915 7908 4223
7218 7885 3319 6959 7852
2701 6380 7822 2303 5747
7751 2054 5220 7697 1894
4801 7653 1788 4511 7634
1702 4339 7591 1636 4253
7572 1579 4179 7562 1522
4125 7572 1453 4104 7541
1408 4125 7509 1396 4135
7468 1408 4125 7447 1405
4089 7404 1408 4060 7384
1407 4044 7373 1408 4060
7384 1372 4069 7357 1332
4060 7322 1299 4016 7272
1294 3996 7259 1292 3992
7249 1294 3996 7259 1291
3962 7252 1294 3931 7259
1301 3918 7251 1332 3931
7259 1373 3913 7252 1408
3867 7259 1413 3812 7251
1408 3802 7259 1404 3809
7251 1408 3802 7259 1405
3743 7252 1408 3673 7259
1410 3619 7250 1408 3609
7259 1397 3606 7252 1408
3609 7259 1442 3602 7249
1484 3609 7259 1505 3610
7255 1522 3609 7259 1540
3582 7244 1560 3544 7259
1570 3481 7280 1598 3416
7322 1651 3356 7341 1712
3351 7384 1751 3395 7432
1788 3480 7509 1849 3553
7567 1940 3609 7634 2015
3638 7688 2054 3673 7760
2068 3721 7813 2092 3802
7885 2119 3880 7944 2130
3931 8010 2121 3932 8040
2130 3931 8073 2157 3949
8092 2169 3996 8135 2131
4034 8162 2092 4060 8198
2079 4065 8217 2092 4060
8260 2088 4046 8291 2092
4060 8323 2106 4088 8318
2130 4125 8323 2131 4126
8315 2130 4125 8323 2143
4116 8312 2169 4125 8323
2164 4120 8323 2130 4125
8323 2102 4115 8283 2130
4060 8260 2223 3846 8246
2397 3416 8260 2704 2773
8238 3234 2062 8198 3985
1441 8125 4870 1096 8073
5760 1172 8023 6544 1804
8010 7031 2961 7982 7000
4447 7947 6364 5905 7874
5326 7025 7822 4224 7578
7777 3310 7540 7760 2645
7028 7722 2207 6316 7697
1929 5640 7661 1750 5156
7634 1604 4859 7570 1484
4705 7509 1391 4600 7452
1332 4511 7447 1285 4424
7444 1255 4382 7447 1232
4360 7412 1217 4318 7384
1203 4221 7344 1217 4125
7322 1249 4071 7281 1294
4060 7259 1323 4033 7240
1370 3996 7259 1425 3967
7263 1484 3996 7259 1511
4035 7218 1522 4060 7196
1522 4033 7182 1522 3996
7196 1515 3955 7192 1522
3931 7196 1539 3896 7187
1560 3867 7196 1571 3831
7190 1598 3802 7196 1649
3763 7189 1712 3738 7196
1747 3707 7188 1750 3673
7196 1720 3626 7190 1674
3609 7196 1622 3611 7186
1598 3609 7196 1607 3552
7193 1636 3480 7196 1656
3424 7180 1674 3416 7196
1691 3414 7221 1712 3416
7259 1725 3408 7258 1750
3416 7259 1797 3415 7249
1864 3416 7259 1916 3422
7249 1940 3480 7259 1938
3572 7274 1940 3673 7322
1952 3739 7351 1978 3802
7384 2000 3883 7402 2016
3996 7447 2020 4081 7479
2016 4125 7509 1988 4121
7502 1940 4125 7509 1887
4143 7523 1864 4189 7572
1873 4227 7603 1902 4253
7634 1934 4253 7650 1978
4253 7697 2014 4248 7732
2016 4253 7760 1964 4249
7748 1902 4253 7760 1864
4250 7781 1864 4253 7822
1876 4248 7824 1902 4253
7822 1938 4252 7809 1978
4253 7822 2000 4245 7818
2016 4253 7822 2033 4256
7814 2054 4253 7822 2048
4236 7799 2016 4253 7760
1969 4289 7685 1940 4318
7634 1931 4291 7590 1940
4253 7572 1952 4237 7535
1978 4253 7509 2010 4240
7471 2054 4189 7447 2089
4129 7406 2130 4125 7384
2166 4155 7350 2207 4189
7322 2227 4183 7273 2245
4189 7259 2259 4213 7254
2283 4253 7259 2291 4255
7223 2283 4253 7196 2248
4270 7180 2207 4318 7196
2180 4296 7175 2207 4125
7134 2281 3744 7077 2435
3222 7071 2767 2655 7073
3386 2191 7071 4196 1934
7028 4984 1998 7009 5651
2426 7001 6239 3222 7009
6581 4246 6974 6315 5285
6946 5358 6066 6928 4185
6445 6946 3334 6408 6944
2891 6122 6946 2604 5746
6936 2359 5413 6946 2202
5145 6939 2130 4962 6946
2043 4839 6940 1940 4769
6946 1879 4704 6933 1864
4640 6946 1833 4566 6966
1788 4511 7009 1758 4470
7015 1750 4447 7009 1720
4416 6986 1674 4382 7009
1613 4342 7039 1560 4318
7071 1495 4285 7063 1446
4253 7071 1412 4225 7089
1408 4253 7134 1406 4299
7156 1408 4318 7196 1403
4262 7243 1408 4189 7322
1420 4120 7382 1446 4060
7447 1467 3978 7480 1484
3931 7509 1495 3939 7520
1522 3996 7572 1557 4032
7633 1598 4060 7697 1630
4087 7717 1674 4125 7760
1727 4131 7815 1788 4125
7885 1842 4114 7910 1902
4125 7947 1953 4111 7997
1978 4060 8073 1965 3960
8107 1940 3867 8135 1908
3806 8153 1864 3802 8198
1817 3808 8223 1826 3802
8260 1907 3765 8286 2016
3738 8323 2086 3725 8324
2130 3738 8323 2181 3738
8308 2245 3738 8323 2281
3747 8324 2283 3802 8323
2263 3871 8287 2245 3931
8260 2223 3958 8221 2207
3996 8198 2197 4033 8156
2207 4060 8135 2223 4051
8102 2245 4060 8073 2252
4090 8007 2245 4125 7947
2222 4121 7876 2207 4125
7822 2191 4151 7749 2169
4189 7697 2128 4173 7650
2092 4125 7634 2057 4074
7601 2016 4060 7572 1964
4052 7527 1940 4060 7509
1962 4078 7477 2016 4125
7447 2052 4165 7396 2054
4189 7384 2021 4168 7381
1978 4125 7384 1937 4093
7345 1940 4125 7322 1982
4193 7309 2054 4253 7322
2103 4276 7294 2130 4318
7259 2130 4366 7211 2130
4382 7196 2125 4299 7182
2130 4189 7196 2151 4114
7198 2207 4125 7196 2274
4178 7157 2321 4253 7134
2322 4249 7119 2321 4060
7134 2371 3601 7129 2549
2964 7134 2935 2291 7127
3576 1740 7134 4355 1404
7123 5098 1418 7134 5742
1867 7135 6315 2771 7134
6623 3970 7094 6315 5220
7071 5322 6199 7058 4109
6702 7071 3199 6683 7063
2701 6316 7071 2386 5792
7071 2130 5285 7071 1967
4874 7032 1902 4640 7009
1829 4563 6995 1712 4576
7009 1593 4563 6999 1522
4511 7009 1477 4436 7027
1446 4382 7071 1427 4340
7077 1446 4318 7071 1481
4310 7051 1522 4318 7071
1530 4302 7094 1522 4253
7134 1496 4174 7153 1484
4125 7196 1474 4107 7242
1484 4125 7322 1501 4126
7383 1522 4125 7447 1525
4115 7491 1522 4125 7572
1515 4127 7657 1522 4125
7760 1535 4079 7839 1560
3996 7947 1581 3881 8060
1598 3802 8198 1608 3776
8313 1636 3802 8448 1685
3813 8571 1750 3802 8698
1798 3782 8784 1826 3802
8886 1841 3822 8996 1864
3802 9136 1876 3725 9239
1864 3673 9324 1823 3663
9376 1788 3673 9449 1776
3660 9508 1788 3673 9574
1801 3713 9604 1826 3738
9637 1871 3681 9653 1940
3609 9700 2005 3579 9731
2054 3609 9762 2078 3635
9755 2092 3673 9762 2094
3745 9757 2092 3867 9762
2086 3977 9728 2092 4060
9700 2108 4099 9656 2130
4125 9637 2137 4143 9598
2130 4189 9574 2109 4233
9536 2092 4253 9512 2073
4223 9451 2054 4189 9387
2028 4175 9303 2016 4189
9262 2008 4190 9223 2016
4189 9199 2023 4200 9135
2054 4253 9074 2091 4300
8998 2130 4318 8949 2148
4280 8880 2169 4253 8823
2189 4260 8749 2207 4318
8698 2204 4366 8630 2207
4382 8573 2208 4325 8495
2207 4189 8448 2236 3911
8402 2397 3480 8385 2730
2925 8348 3234 2384 8323
3938 1970 8281 4908 1804
8260 6013 1988 8221 6924
2642 8198 7350 3719 8157
7266 5027 8135 6751 6267
8096 5859 7218 8073 4707
7672 8032 3614 7540 8010
2864 6910 7972 2473 6122
7947 2244 5461 7906 2054
5027 7885 1896 4740 7849
1788 4576 7822 1692 4495
7776 1598 4447 7760 1510
4352 7749 1446 4253 7760
1405 4196 7732 1408 4189
7697 1440 4184 7646 1484
4189 7634 1504 4195 7628
1522 4189 7634 1516 4147
7604 1484 4125 7572 1404
4122 7524 1332 4125 7509
1302 4084 7497 1332 4060
7509 1375 4059 7504 1408
4060 7509 1423 4001 7499
1446 3931 7509 1469 3901
7504 1484 3931 7509 1480
3950 7498 1484 3931 7509
1500 3868 7509 1522 3802
7509 1526 3730 7472 1522
3673 7447 1507 3627 7427
1484 3609 7447 1452 3582
7448 1446 3544 7447 1473
3493 7426 1522 3480 7447
1560 3488 7474 1598 3480
7509 1636 3397 7503 1674
3287 7509 1704 3210 7523
1750 3222 7572 1811 3262
7600 1864 3287 7634 1874
3290 7654 1864 3351 7697
1878 3469 7721 1940 3609
7760 2010 3709 7798 2054
3802 7885 2068 3900 7975
2092 3996 8073 2123 4039
8132 2130 4060 8198 2094
4083 8251 2054 4125 8323
2042 4133 8376 2054 4125
8448 2055 4129 8508 2054
4189 8573 2066 4246 8601
2092 4253 8636 2100 4206
8660 2092 4189 8698 2084
4218 8699 2092 4253 8698
2097 4228 8683 2092 4189
8698 2069 4194 8698 2054
4253 8698 2045 4284 8663
2054 4253 8636 2054 4176
8595 2054 4125 8573 2034
4104 8535 2016 4125 8511
2002 4147 8470 2016 4189
8448 2049 4221 8409 2092
4253 8385 2117 4257 8347
2130 4253 8323 2148 4217
8264 2207 4125 8198 2309
3886 8112 2473 3480 8073
2731 2949 8040 3158 2449
8010 3779 2110 7937 4565
2062 7885 5416 2388 7844
6201 3158 7822 6727 4279
7757 6810 5542 7697 6362
6669 7645 5516 7476 7634
4539 7806 7603 3690 7605
7572 3071 6945 7527 2663
6122 7509 2389 5415 7476
2207 4962 7447 2077 4689
7399 1978 4511 7384 1889
4363 7374 1826 4253 7384
1785 4167 7357 1750 4125
7322 1694 4111 7270 1636
4125 7259 1587 4128 7254
1560 4125 7259 1530 4114
7225 1522 4125 7196 1528
4129 7174 1560 4125 7196
1580 4085 7205 1598 4060
7196 1601 4047 7150 1598
4060 7134 1577 4058 7129
1560 4060 7134 1551 4057
7097 1560 4060 7071 1574
4034 7055 1598 3996 7071
1619 3950 7068 1636 3931
7071 1637 3925 7063 1636
3931 7071 1624 3909 7060
1598 3867 7071 1553 3814
7090 1522 3802 7134 1513
3807 7141 1522 3802 7134
1521 3759 7111 1522 3738
7134 1532 3755 7163 1560
3802 7196 1582 3813 7189
1598 3802 7196 1608 3788
7214 1636 3802 7259 1683
3807 7267 1750 3802 7259
1813 3785 7237 1864 3802
7259 1899 3851 7287 1940
3931 7322 1982 4000 7317
2016 4060 7322 2032 4093
7332 2054 4125 7384 2088
4149 7421 2130 4189 7447
2166 4224 7438 2207 4253
7447 2249 4254 7446 2283
4253 7447 2287 4248 7426
2283 4253 7447 2279 4250
7480 2283 4253 7509 2266
4254 7476 2245 4253 7447
2216 4226 7431 2207 4189
7447 2188 4142 7440 2169
4125 7447 2139 4115 7447
2130 4125 7447 2140 4120
7404 2169 4125 7384 2191
4118 7379 2207 4125 7384
2207 4129 7345 2207 4125
7322 2225 4017 7314 2321
3738 7322 2538 3258 7284
2929 2707 7259 3534 2236
7249 4375 1998 7259 5364
2044 7227 6315 2449 7196
7000 3253 7162 7266 4447
7134 7029 5797 7064 6315
6960 7009 5276 7608 6966
4185 7669 6946 3272 7246
6902 2625 6573 6884 2190
5858 6878 1902 5285 6884
1702 4891 6845 1560 4640
6821 1445 4448 6812 1370
4318 6821 1335 4236 6787
1332 4189 6758 1329 4139
6741 1332 4125 6758 1331
4149 6754 1332 4189 6758
1311 4193 6754 1294 4189
6758 1280 4188 6725 1294
4189 6696 1307 4153 6675
1332 4125 6696 1360 4112
6701 1408 4125 6696 1452
4100 6657 1484 4060 6633
1498 4015 6616 1522 3996
6633 1558 3967 6635 1598
3931 6633 1619 3885 6612
1636 3867 6633 1664 3863
6664 1712 3867 6696 1747
3840 6685 1750 3802 6696
1715 3757 6717 1674 3738
6758 1634 3730 6773 1598
3738 6821 1554 3717 6881
1522 3673 6946 1509 3618
6964 1522 3609 7009 1549
3620 7086 1598 3609 7196
1657 3539 7259 1712 3480
7322 1739 3463 7395 1750
3480 7509 1760 3474 7601
1788 3480 7697 1823 3522
7781 1864 3609 7885 1902
3680 7968 1940 3738 8073
1975 3789 8183 2016 3867
8323 2046 3937 8426 2054
3996 8511 2036 4026 8560
2016 4060 8636 1998 4090
8718 1978 4125 8823 1949
4131 8894 1940 4125 8949
1956 4109 8970 1978 4125
9011 1969 4152 9041 1940
4189 9074 1911 4213 9069
1902 4253 9074 1898 4291
9067 1902 4318 9074 1913
4312 9061 1940 4318 9074
1962 4342 9075 1978 4382
9074 1989 4392 9030 2016
4382 9011 2054 4351 9002
2092 4318 9011 2112 4274
8977 2130 4253 8949 2158
4248 8912 2207 4253 8886
2252 4226 8817 2283 4189
8761 2287 4147 8713 2283
4125 8698 2276 4090 8644
2283 4060 8573 2285 4039
8486 2283 4060 8448 2274
4076 8414 2283 4060 8385
2294 4008 8315 2283 3996
8260 2217 4026 8212 2130
4060 8198 2052 4053 8162
2016 4060 8135 1992 4092
8093 1978 4125 8073 1954
4111 8035 1940 4125 8010
1933 4183 7969 1940 4253
7947 1941 4256 7909 1940
4253 7885 1934 4297 7844
1940 4382 7822 1963 4388
7785 2016 4253 7760 2086
3939 7717 2207 3480 7697
2465 2931 7662 2967 2449
7634 3672 2165 7588 4451
2191 7572 5208 2558 7546
5897 3287 7509 6306 4264
7429 6125 5285 7384 5287
6063 7369 4185 6445 7384
3294 6398 7353 2777 6058
7322 2481 5585 7298 2283
5156 7322 2157 4838 7325
2092 4640 7322 2024 4494
7301 1940 4382 7322 1858
4291 7348 1788 4253 7384
1709 4246 7380 1636 4253
7384 1583 4230 7391 1560
4189 7447 1548 4142 7504
1560 4125 7572 1577 4121
7602 1598 4125 7634 1605
4098 7667 1636 4060 7760
1687 4012 7858 1750 3996
7947 1785 3989 7993 1788
3996 8073 1748 3989 8167
1674 3996 8260 1582 3998
8287 1522 3996 8323 1507
3963 8375 1522 3931 8448
1525 3896 8474 1522 3867
8511 1517 3823 8561 1522
3802 8636 1531 3814 8666
1560 3867 8698 1591 3908
8725 1598 3931 8761 1561
3927 8753 1522 3931 8761
1509 3932 8780 1522 3931
8823 1522 3901 8824 1522
3867 8823 1541 3828 8815
1598 3802 8823 1660 3768
8792 1712 3738 8761 1747
3699 8718 1788 3673 8698
1848 3657 8660 1940 3673
8636 2040 3684 8599 2130
3673 8573 2194 3646 8510
2245 3673 8448 2276 3743
8371 2283 3802 8323 2260
3798 8258 2245 3802 8198
2252 3852 8118 2283 3931
8073 2316 3970 8031 2359
3996 8010 2394 4025 7968
2397 4060 7947 2338 4062
7915 2245 4060 7885 2150
4063 7815 2092 4060 7760
2069 4023 7711 2092 3996
7697 2129 3993 7663 2169
3996 7634 2183 3957 7591
2207 3931 7572 2231 3943
7536 2245 3996 7509 2216
4011 7467 2169 3996 7447
2123 3956 7412 2092 3931
7384 2052 3903 7338 2016
3867 7322 2020 3748 7310
2130 3480 7322 2393 3015
7314 2853 2449 7322 3519
1921 7318 4375 1611 7322
5333 1641 7287 6239 2127
7259 6862 3056 7236 7000
4318 7259 6564 5649 7267
5669 6767 7259 4555 7388
7213 3500 7411 7196 2683
6949 7191 2169 6316 7196
1891 5735 7161 1750 5285
7134 1657 4913 7116 1598
4640 7134 1566 4469 7132
1560 4382 7134 1556 4309
7122 1560 4253 7134 1571
4213 7129 1598 4189 7134
1629 4151 7124 1674 4125
7134 1706 4119 7128 1712
4125 7134 1661 4096 7124
1598 4060 7134 1542 4037
7131 1522 4060 7134 1515
4071 7100 1522 4060 7071
1535 4016 7044 1560 3996
7071 1581 3992 7103 1598
3996 7134 1601 3966 7123
1598 3931 7134 1581 3895
7153 1560 3867 7196 1535
3809 7216 1522 3738 7259
1517 3659 7309 1522 3609
7384 1522 3570 7435 1522
3544 7509 1519 3507 7590
1522 3480 7697 1521 3460
7780 1522 3480 7885 1517
3531 7995 1522 3609 8135
1544 3642 8253 1598 3609
8385 1660 3525 8506 1712
3480 8636 1745 3475 8727
1788 3480 8823 1835 3458
8907 1864 3480 9011 1860
3563 9095 1864 3673 9199
1896 3739 9289 1940 3802
9387 1962 3907 9445 1978
4060 9512 1998 4179 9564
2016 4253 9637 2012 4306
9689 2016 4382 9762 2046
4438 9822 2092 4447 9887
2117 4405 9913 2130 4382
9950 2156 4383 9975 2207
4382 10012 2242 4326 10010
2245 4253 10012 2218 4200
10000 2207 4189 10012 2220
4166 10005 2245 4125 10012
2240 4072 9987 2207 4060
9950 2158 4080 9872 2130
4125 9825 2122 4138 9784
2130 4125 9762 2132 4100
9697 2130 4125 9637 2126
4167 9564 2130 4189 9512
2121 4155 9435 2092 4125
9387 2044 4115 9343 2016
4125 9324 2011 4113 9264
2016 4125 9199 2000 4172
9118 1978 4253 9074 1967
4299 9011 1978 4318 8949
1983 4334 8864 1978 4382
8823 1968 4406 8788 1978
4382 8761 1997 4324 8688
2016 4318 8636 2016 4357
8591 2016 4382 8573 2022
4329 8511 2054 4253 8448
2089 4221 8388 2130 4253
8385 2144 4286 8382 2130
4318 8385 2077 4343 8351
2016 4382 8323 1964 4391
8279 1940 4382 8260 1932
4347 8224 1940 4318 8198
1954 4287 8153 1978 4253
8135 2012 4115 8102 2092
3802 8073 2271 3312 8021
2625 2771 8010 3189 2233
8006 3957 1740 8010 4836
1414 7969 5669 1547 7947
6225 2256 7936 6315 3351
7947 5876 4422 7916 5060
5220 7885 4123 5665 7861
3310 5800 7885 2724 5655
7891 2359 5349 7885 2132
4996 7841 1978 4705 7822
1852 4490 7808 1750 4382
7822 1663 4355 7817 1598
4382 7822 1547 4393 7812
1522 4382 7822 1512 4343
7815 1522 4318 7822 1545
4326 7814 1598 4382 7822
1647 4420 7813 1674 4382
7822 1654 4271 7816 1636
4189 7822 1628 4170 7811
1636 4189 7822 1632 4180
7820 1636 4189 7822 1653
4222 7804 1674 4253 7822
1664 4205 7849 1636 4125
7885 1616 4081 7878 1636
4125 7885 1674 4196 7902
1712 4253 7947 1731 4263
7954 1750 4253 7947 1768
4220 7928 1788 4189 7947
1792 4150 7953 1788 4125
7947 1771 4091 7903 1750
4060 7885 1723 4020 7876
1712 3996 7885 1720 3965
7855 1750 3931 7822 1784
3884 7778 1826 3867 7760
1867 3850 7724 1902 3802
7697 1910 3696 7656 1902
3609 7634 1902 3582 7598
1940 3609 7572 2000 3615
7531 2054 3609 7509 2078
3615 7473 2092 3673 7447
2109 3741 7404 2130 3802
7384 2134 3834 7352 2130
3867 7322 2125 3895 7254
2130 3931 7196 2129 3959
7143 2130 3996 7134 2125
4029 7128 2130 4060 7134
2126 4060 7105 2130 4060
7071 2126 4069 7021 2130
4125 7009 2129 4173 7003
2130 4189 7009 2117 4130
6975 2092 4060 6946 2058
4040 6924 2054 4125 6946
2100 4218 6954 2207 4189
6946 2348 3929 6902 2549
3480 6884 2884 2919 6876
3462 2384 6884 4294 2043
6852 5288 2127 6821 6275
2732 6798 7076 3802 6821
7467 5132 6830 7266 6509
6821 6465 7626 6775 5326
8185 6758 4195 8028 6753
3310 7347 6758 2712 6484
6724 2359 5736 6696 2165
5167 6677 2054 4769 6696
1957 4490 6698 1864 4318
6696 1780 4185 6680 1712
4060 6696 1636 3933 6702
1560 3867 6696 1509 3874
6652 1522 3931 6633 1566
3974 6627 1598 3996 6633
1568 3980 6601 1522 3931
6571 1485 3847 6533 1484
3802 6508 1481 3812 6463
1484 3867 6446 1493 3882
6439 1522 3867 6446 1547
3828 6412 1560 3802 6383
1547 3768 6365 1522 3738
6383 1494 3701 6382 1484
3673 6383 1483 3637 6371
1484 3609 6383 1477 3575
6379 1484 3544 6383 1502
3505 6372 1522 3480 6383
1524 3452 6380 1522 3416
6383 1519 3345 6368 1522
3287 6383 1518 3278 6404
1522 3351 6446 1525 3439
6466 1522 3480 6508 1499
3431 6556 1484 3351 6633
1491 3289 6690 1522 3287
6758 1554 3308 6829 1598
3351 6946 1662 3402 7064
1750 3480 7196 1823 3552
7310 1864 3609 7447 1877
3635 7572 1902 3673 7697
1950 3728 7784 2016 3802
7885 2077 3867 7994 2130
3931 8135 2151 3993 8241
2130 4060 8323 2055 4102
8369 1978 4125 8448 1921
4121 8536 1902 4125 8636
1881 4118 8696 1864 4125
8761 1852 4119 8814 1864
4125 8886 1872 4119 8938
1864 4125 9011 1846 4126
9074 1864 4125 9136 1924
4041 9143 2016 3802 9136
2147 3349 9118 2397 2771
9136 2835 2230 9139 3500
1933 9136 4382 1987 9097
5440 2449 9074 6494 3302
9037 7266 4511 9011 7533
5905 8965 7266 7218 8949
6548 8105 8921 5516 8378
8886 4379 8046 8808 3424
7347 8761 2809 6530 8725
2473 5800 8698 2241 5226
8625 2054 4833 8573 1929
4567 8534 1864 4382 8511
1797 4228 8440 1712 4125
8385 1626 4071 8344 1560
4060 8323 1497 4038 8255
1446 3996 8198 1410 3928
8152 1408 3867 8135 1406
3814 8075 1408 3802 8010
1397 3818 7935 1408 3867
7885 1424 3903 7812 1446
3931 7760 1448 3912 7713
1446 3867 7697 1442 3810
7660 1446 3802 7634 1443
3814 7596 1446 3802 7572
1447 3732 7528 1446 3673
7509 1427 3658 7497 1408
3673 7509 1388 3651 7483
1370 3609 7447 1343 3566
7394 1332 3544 7384 1341
3509 7380 1370 3480 7384
1392 3465 7349 1408 3480
7322 1410 3483 7301 1408
3480 7322 1399 3469 7327
1408 3480 7322 1436 3484
7280 1484 3480 7259 1532
3461 7245 1598 3480 7259
1693 3534 7255 1826 3609
7259 1957 3648 7249 2054
3673 7259 2102 3711 7254
2130 3802 7259 2161 3907
7248 2207 3996 7259 2239
4035 7256 2245 4060 7259
2214 4083 7245 2169 4125
7259 2121 4141 7264 2092
4125 7259 2082 4079 7215
2092 4060 7196 2109 4058
7191 2130 4060 7196 2147
4045 7159 2169 4060 7134
2189 4096 7121 2207 4125
7134 2199 4097 7105 2169
4060 7071 2122 4044 7045
2092 4060 7071 2083 4061
7083 2092 4060 7071 2096
4055 7022 2092 4060 7009
2074 4051 7008 2054 4060
7009 2030 4085 6967 2016
4125 6946 2010 4131 6939
2016 4125 6946 2007 4111
6910 1978 4125 6884 1943
4146 6871 1940 4189 6884
1951 4223 6855 1940 4253
6821 1890 4273 6797 1864
4318 6821 1889 4361 6830
1940 4382 6821 1954 4366
6777 1940 4382 6758 1930
4440 6749 1940 4511 6758
1942 4526 6732 1940 4511
6696 1946 4496 6646 1978
4511 6633 2017 4514 6625
2054 4511 6633 2074 4501
6624 2092 4511 6633 2117
4514 6633 2169 4511 6633
2230 4482 6598 2283 4447
6571 2295 4404 6551 2283
4382 6571 2244 4374 6577
2207 4382 6571 2169 4380
6530 2169 4382 6508 2195
4375 6495 2245 4382 6508
2273 4380 6504 2283 4382
6508 2278 4354 6499 2283
4318 6508 2286 4272 6502
2283 4253 6508 2260 4221
6501 2245 4125 6508 2260
3874 6501 2359 3480 6508
2587 3005 6502 3005 2578
6508 3624 2260 6500 4413
2127 6508 5272 2257 6503
6049 2771 6508 6513 3628
6498 6468 4640 6508 5866
5526 6507 4908 6122 6508
3897 6336 6491 3082 6187
6508 2521 5763 6536 2169
5285 6571 1939 4911 6565
1788 4705 6571 1678 4585
6586 1598 4511 6633 1540
4442 6661 1522 4382 6696
1533 4309 6720 1560 4253
6758 1576 4213 6778 1598
4189 6821 1620 4152 6872
1636 4125 6946 1618 4112
6983 1598 4125 7009 1584
4126 7020 1598 4125 7071
1611 4112 7129 1636 4125
7196 1659 4148 7228 1674
4189 7259 1658 4202 7278
1636 4189 7322 1623 4146
7350 1636 4125 7384 1664
4120 7403 1712 4125 7447
1758 4096 7480 1788 4060
7509 1789 4039 7502 1788
4060 7509 1789 4076 7526
1788 4060 7572 1777 3994
7584 1788 3931 7572 1826
3886 7526 1864 3867 7509
1859 3835 7501 1826 3802
7509 1795 3765 7481 1788
3738 7447 1785 3684 7400
1788 3609 7384 1798 3522
7355 1826 3480 7322 1851
3473 7269 1864 3480 7259
1859 3452 7260 1864 3416
7259 1889 3391 7215 1940
3416 7196 1996 3467 7192
2054 3544 7196 2099 3612
7156 2130 3673 7134 2136
3724 7127 2130 3802 7134
2122 3880 7095 2130 3931
7071 2147 3929 7064 2169
3931 7071 2175 3955 7033
2169 3996 7009 2147 4000
7000 2130 3996 7009 2121
4008 6972 2130 4060 6946
2144 4102 6936 2169 4125
6946 2199 4120 6913 2245
4125 6884 2277 4123 6867
2283 4125 6884 2269 4115
6878 2283 4125 6884 2323
4148 6882 2359 4189 6884
2359 4201 6846 2359 4189
6821 2377 4167 6807 2397
4189 6821 2373 4226 6815
2321 4253 6821 2271 4244
6819 2245 4253 6821 2212
4285 6785 2169 4318 6758
2120 4296 6742 2092 4253
6758 2083 4211 6756 2092
4189 6758 2097 4152 6749
2092 4125 6758 2070 4110
6753 2054 4125 6758 2038
4125 6751 2016 4125 6758
1976 4133 6751 1940 4189
6758 1904 4257 6753 1864
4318 6758 1803 4346 6748
1750 4382 6758 1717 4419
6758 1712 4447 6758 1717
4424 6722 1750 4382 6696
1812 4340 6677 1902 4318
6696 1984 4284 6699 2054
4253 6696 2086 4236 6658
2092 4253 6633 2067 4261
6614 2054 4253 6633 2051
4231 6637 2054 4253 6633
2045 4292 6609 2054 4318
6633 2086 4285 6669 2130
4253 6696 2164 4250 6676
2207 4253 6696 2268 4123
6751 2359 3802 6821 2499
3344 6839 2777 2900 6884
3269 2496 6963 3995 2127
7071 4878 1874 7129 5783
1998 7196 6490 2623 7280
6772 3609 7384 6494 4614
7439 5745 5413 7509 4766
5881 7611 3842 5993 7760
3142 5779 7881 2701 5413
8010 2426 5048 8131 2207
4769 8260 1983 4559 8346
1788 4447 8448 1657 4405
8561 1598 4382 8698 1569
4314 8792 1560 4253 8886
1568 4234 8971 1598 4253
9074 1613 4253 9137 1598
4253 9199 1552 4274 9248
1522 4318 9324 1501 4332
9382 1484 4318 9449 1439
4280 9485 1408 4253 9512
1407 4217 9500 1446 4189
9512 1486 4152 9530 1522
4125 9574 1545 4087 9578
1560 4060 9574 1558 4028
9556 1560 3996 9574 1572
3933 9577 1598 3867 9574
1617 3810 9531 1636 3802
9512 1654 3809 9499 1674
3802 9512 1678 3743 9485
1674 3673 9449 1665 3618
9397 1674 3609 9387 1701
3608 9361 1750 3609 9324
1798 3597 9244 1826 3609
9199 1806 3633 9162 1750
3673 9136 1679 3703 9064
1636 3738 9011 1634 3749
8968 1674 3738 8949 1728
3696 8884 1788 3673 8823
1842 3668 8769 1902 3673
8761 1959 3660 8730 2016
3673 8698 2069 3724 8649
2130 3802 8636 2193 3846
8607 2245 3867 8573 2249
3881 8498 2207 3931 8448
2137 3993 8403 2092 4060
8385 2081 4101 8343 2092
4125 8323 2095 4122 8308
2092 4125 8323 2088 4122
8299 2092 4125 8260 2091
4117 8204 2092 4125 8198
2100 4128 8197 2130 4125
8198 2167 4089 8155 2207
4060 8135 2241 4046 8125
2283 4060 8135 2313 4063
8103 2321 4060 8073 2299
4032 8031 2283 3996 8010
2280 3949 7966 2283 3931
7947 2254 3927 7936 2207
3931 7947 2157 3920 7919
2130 3931 7885 2109 3960
7837 2092 3996 7822 2080
3996 7808 2092 3996 7822
2115 4010 7823 2130 4060
7822 2118 4099 7783 2092
4125 7760 2056 4123 7743
2016 4125 7760 1967 4119
7758 1940 4125 7760 1944
4121 7729 1978 4125 7697
2015 4118 7647 2054 4125
7634 2083 4141 7630 2092
4189 7634 2063 4230 7599
2016 4253 7572 1970 4246
7536 1940 4253 7509 1915
4260 7460 1902 4253 7447
1895 4227 7444 1902 4253
7447 1913 4323 7405 1940
4382 7384 1976 4377 7377
2016 4382 7384 2030 4436
7346 2016 4511 7322 1976
4526 7310 1940 4511 7322
1922 4504 7289 1940 4511
7259 1974 4485 7239 2016
4447 7259 2038 4413 7258
2054 4382 7259 2042 4315
7247 2016 4253 7259 1981
4226 7253 1978 4253 7259
1997 4267 7249 2016 4253
7259 2012 4209 7268 2016
4189 7322 2036 4189 7379
2054 4189 7447 2043 4097
7491 2054 3867 7572 2162
3467 7661 2435 2964 7760
2898 2421 7813 3576 1933
7885 4433 1557 7967 5364
1418 8073 6164 1642 8133
6620 2320 8198 6569 3289
8269 6011 4253 8385 5116
4948 8482 4185 5349 8573
3454 5491 8629 3005 5413
8698 2742 5144 8751 2549
4833 8823 2363 4593 8879
2207 4447 8949 2092 4327
9000 2016 4253 9074 1961
4235 9133 1940 4253 9199
1941 4231 9228 1940 4189
9262 1905 4167 9279 1864
4189 9324 1833 4201 9353
1826 4189 9387 1806 4168
9383 1788 4189 9387 1775
4229 9374 1788 4253 9387
1794 4205 9383 1788 4125
9387 1764 4057 9354 1750
4060 9324 1744 4091 9277
1750 4125 9262 1750 4142
9232 1750 4189 9199 1738
4238 9125 1712 4253 9074
1667 4193 9029 1636 4125
9011 1636 4096 8953 1674
4125 8886 1715 4139 8801
1750 4125 8761 1769 4082
8723 1788 4060 8698 1806
4051 8634 1826 4060 8573
1832 4042 8496 1826 3996
8448 1815 3918 8399 1826
3867 8385 1848 3850 8356
1864 3867 8323 1858 3868
8249 1864 3867 8198 1904
3875 8152 1978 3931 8135
2046 4000 8095 2092 4060
8073 2112 4070 8037 2130
4060 8010 2157 4045 7960
2207 4060 7947 2254 4086
7943 2283 4125 7947 2282
4136 7906 2283 4125 7885
2284 4084 7875 2283 4060
7885 2271 4051 7850 2283
4060 7822 2311 4056 7804
2321 4060 7822 2273 4059
7801 2207 4060 7760 2163
4048 7703 2169 4060 7697
2196 4091 7697 2245 4125
7697 2280 4127 7656 2283
4125 7634 2216 4121 7621
2130 4125 7634 2062 4111
7626 2054 4125 7634 2081
4152 7633 2130 4189 7634
2174 4186 7596 2207 4189
7572 2212 4209 7557 2207
4253 7572 2196 4255 7549
2207 4189 7509 2257 3999
7455 2397 3673 7447 2666
3209 7444 3120 2707 7447
3780 2260 7411 4641 1998
7384 5600 2049 7347 6468
2578 7322 6995 3582 7275
7000 4898 7259 6432 6221
7252 5440 7282 7259 4300
7807 7226 3310 7669 7196
2627 6993 7175 2245 6187
7196 2026 5558 7202 1864
5156 7196 1712 4852 7156
1598 4640 7134 1534 4536
7118 1522 4511 7134 1532
4459 7135 1560 4382 7134
1583 4309 7097 1598 4253
7071 1591 4181 7050 1598
4125 7071 1633 4107 7079
1712 4125 7071 1783 4125
7024 1826 4125 7009 1815
4120 7005 1788 4125 7009
1759 4095 6968 1750 4060
6946 1746 4019 6937 1750
3996 6946 1759 3961 6912
1788 3931 6884 1826 3894
6866 1864 3867 6884 1878
3814 6878 1864 3738 6884
1816 3634 6894 1750 3544
6946 1690 3467 6979 1674
3416 7009 1702 3388 7020
1750 3416 7071 1779 3443
7127 1788 3416 7196 1774
3309 7243 1750 3222 7322
1720 3198 7408 1712 3222
7509 1725 3238 7568 1750
3287 7634 1765 3378 7707
1788 3480 7822 1823 3505
7917 1864 3480 8010 1877
3458 8086 1864 3480 8198
1837 3488 8296 1826 3480
8385 1822 3495 8434 1826
3609 8511 1833 3780 8596
1864 3931 8698 1906 4003
8759 1940 4060 8823 1944
4143 8879 1940 4253 8949
1947 4330 8979 1978 4382
9011 2004 4420 9033 2016
4447 9074 2012 4427 9077
2016 4382 9074 2016 4337
9056 2016 4318 9074 2004
4305 9078 2016 4318 9074
2045 4341 9030 2092 4382
9011 2117 4393 9001 2130
4382 9011 2131 4325 8981
2130 4253 8949 2124 4172
8903 2130 4125 8886 2135
4081 8851 2130 3996 8823
2150 3761 8779 2283 3351
8761 2553 2812 8728 2967
2320 8698 3603 2022 8631
4565 2062 8573 5707 2531
8501 6658 3480 8448 7160
4743 8376 7266 6058 8323
7041 7193 8254 6391 8056
8198 5311 8452 8121 4147
8185 8073 3272 7313 8028
2739 6316 8010 2346 5590
7971 2016 5156 7947 1793
4783 7909 1674 4447 7885
1565 4241 7840 1446 4189
7822 1349 4162 7809 1294
4125 7822 1246 4104 7797
1217 4125 7760 1207 4133
7704 1217 4125 7697 1232
4112 7696 1294 4125 7697
1387 4129 7656 1484 4125
7634 1530 4091 7624 1560
4060 7634 1584 4002 7603
1598 3931 7572 1567 3845
7547 1522 3802 7572 1500
3792 7581 1522 3802 7572
1558 3812 7525 1598 3867
7509 1634 3931 7503 1674
3931 7509 1701 3814 7475
1712 3673 7447 1697 3581
7426 1674 3544 7447 1658
3501 7451 1674 3480 7447
1712 3500 7407 1750 3544
7384 1751 3517 7366 1712
3416 7384 1649 3291 7388
1598 3222 7384 1556 3187
7343 1522 3158 7322 1498
3110 7308 1522 3093 7322
1591 3112 7316 1674 3158
7322 1733 3185 7315 1788
3222 7322 1847 3292 7311
1902 3416 7322 1928 3527
7321 1940 3609 7322 1945
3678 7283 1940 3802 7259
1914 3950 7243 1902 4060
7259 1917 4091 7256 1940
4125 7259 1919 4206 7249
1864 4318 7259 1819 4374
7253 1826 4382 7259 1853
4373 7251 1864 4382 7259
1853 4382 7252 1864 4382
7259 1902 4381 7252 1940
4382 7259 1940 4358 7251
1940 4318 7259 1961 4274
7253 2016 4253 7259 2057
4244 7249 2092 4253 7259
2112 4251 7257 2130 4253
7259 2129 4243 7225 2130
4253 7196 2141 4253 7174
2169 4253 7196 2188 4244
7206 2207 4253 7196 2240
4219 7149 2321 4060 7134
2451 3675 7132 2663 3093
7134 3025 2413 7093 3614
1804 7071 4394 1382 7065
5250 1289 7071 6079 1657
7034 6810 2578 7009 7244
3886 6998 7114 5285 7009
6329 6499 6977 5174 7411
6946 4062 7837 6926 3234
7605 6946 2665 6789 6948
2283 5865 6946 2039 5242
6914 1902 4962 6884 1794
4789 6835 1674 4640 6821
1553 4544 6817 1484 4511
6821 1469 4455 6785 1484
4382 6758 1484 4332 6741
1484 4318 6758 1493 4290
6756 1522 4253 6758 1530
4217 6748 1522 4189 6758
1493 4146 6753 1484 4125
6758 1487 4118 6750 1522
4125 6758 1571 4095 6752
1636 4060 6758 1697 4020
6751 1750 3996 6758 1770
3959 6751 1750 3931 6758
1692 3898 6751 1636 3867
6758 1602 3822 6751 1598
3802 6758 1599 3798 6752
1598 3802 6758 1593 3773
6750 1598 3738 6758 1600
3700 6753 1598 3673 6758
1588 3635 6748 1598 3609
6758 1629 3580 6757 1674
3544 6758 1701 3476 6741
1712 3416 6758 1721 3370
6786 1750 3351 6821 1779
3337 6815 1788 3351 6821
1767 3362 6837 1750 3351
6884 1744 3317 6909 1750
3351 6946 1757 3466 6973
1788 3609 7009 1832 3687
7024 1864 3738 7071 1861
3812 7129 1864 3931 7196
1895 4020 7221 1940 4060
7259 1952 4073 7309 1940
4125 7384 1929 4195 7420
1940 4253 7447 1956 4260
7463 1978 4253 7509 1998
4246 7539 2016 4253 7572
2018 4250 7590 2016 4253
7634 2014 4253 7666 2016
4253 7697 2011 4240 7694
2016 4253 7697 2040 4285
7689 2092 4318 7697 2141
4299 7689 2169 4253 7697
2168 4206 7692 2169 4189
7697 2169 4181 7685 2169
4189 7697 2146 4211 7699
2130 4253 7697 2122 4270
7657 2130 4253 7634 2127
4202 7622 2130 4189 7634
2141 4209 7608 2169 4253
7572 2180 4259 7524 2169
4253 7509 2131 4245 7480
2092 4253 7447 2060 4225
7394 2054 4125 7384 2088
3865 7383 2207 3416 7384
2456 2802 7343 2891 2191
7322 3518 1744 7313 4299
1611 7322 5128 1870 7288
5859 2578 7259 6291 3634
7239 6277 4833 7259 5790
5910 7259 4984 6702 7259
4088 7067 7245 3310 6960
7259 2733 6465 7257 2359
5865 7259 2116 5386 7245
1940 5091 7259 1779 4858
7262 1636 4640 7259 1529
4459 7217 1484 4382 7196
1476 4372 7185 1484 4382
7196 1491 4376 7187 1522
4382 7196 1562 4392 7197
1598 4382 7196 1599 4321
7153 1598 4253 7134 1596
4203 7145 1598 4189 7196
1574 4175 7207 1560 4189
7196 1578 4218 7171 1636
4253 7196 1678 4235 7228
1674 4189 7259 1630 4137
7250 1598 4125 7259 1589
4122 7276 1598 4125 7322
1608 4098 7347 1636 4060
7384 1667 4014 7409 1674
3996 7447 1637 3973 7464
1598 3931 7509 1585 3854
7561 1598 3802 7634 1599
3788 7686 1598 3802 7760
1608 3782 7824 1636 3738
7885 1646 3688 7904 1636
3673 7947 1621 3670 8003
1636 3673 8073 1670 3649
8097 1712 3609 8135 1744
3540 8185 1788 3480 8260
1853 3447 8294 1940 3480
8323 2023 3543 8341 2092
3609 8385 2128 3639 8409
2130 3673 8448 2106 3724
8475 2092 3802 8511 2093
3867 8508 2092 3931 8511
2069 3990 8501 2054 4060
8511 2063 4103 8502 2092
4125 8511 2113 4120 8507
2130 4125 8511 2149 4123
8475 2169 4125 8448 2160
4114 8425 2130 4125 8448
2097 4149 8455 2092 4189
8448 2105 4199 8401 2130
4189 8385 2159 4171 8379
2207 4189 8385 2253 4222
8351 2283 4253 8323 2293
4252 8286 2321 4253 8260
2357 4253 8193 2359 4253
8135 2280 4221 8084 2169
4189 8073 2094 4170 8041
2092 4189 8010 2107 4216
7963 2092 4253 7947 2045
4265 7916 2016 4253 7885
2012 4212 7833 2016 4189
7822 2007 4182 7819 2016
4189 7822 2051 4179 7783
2092 4189 7760 2091 4215
7747 2054 4253 7760 2006
4258 7732 1978 4253 7697
1966 4246 7649 1978 4253
7634 2007 4248 7620 2054
4253 7634 2081 4273 7636
2092 4318 7634 2094 4355
7594 2130 4382 7572 2174
4382 7558 2207 4382 7572
2202 4374 7565 2207 4382
7572 2227 4381 7568 2245
4382 7572 2216 4370 7537
2169 4382 7509 2134 4413
7488 2130 4447 7509 2133
4372 7514 2169 4125 7509
2293 3704 7468 2587 3222
7447 3089 2724 7432 3804
2256 7447 4666 1927 7443
5554 1998 7447 6282 2598
7435 6658 3609 7447 6529
4682 7443 5897 5542 7447
4938 6042 7431 3957 6187
7447 3186 6018 7466 2701
5671 7509 2418 5278 7533
2245 4962 7572 2124 4731
7596 2054 4576 7634 2002
4456 7653 1940 4382 7697
1857 4319 7745 1788 4253
7822 1733 4173 7879 1674
4125 7947 1590 4097 8000
1522 4060 8073 1487 3984
8127 1484 3931 8198 1464
3920 8252 1446 3931 8323
1434 3916 8376 1446 3931
8448 1456 3987 8504 1484
4060 8573 1530 4072 8624
1598 4060 8698 1658 4051
8758 1712 4060 8823 1753
4035 8851 1788 3996 8886
1807 3954 8907 1826 3931
8949 1844 3894 8971 1864
3867 9011 1867 3853 9037
1864 3867 9074 1859 3869
9074 1864 3867 9074 1866
3873 9058 1864 3931 9074
1857 4005 9075 1864 4060
9074 1880 4063 9033 1902
4060 9011 1917 4060 8996
1940 4060 9011 1973 4026
8989 2016 3996 8949 2052
3966 8872 2092 3931 8823
2141 3859 8778 2207 3802
8761 2268 3784 8723 2321
3802 8698 2348 3802 8657
2359 3802 8636 2355 3817
8596 2359 3867 8573 2360
3924 8533 2359 3996 8511
2350 4046 8470 2359 4060
8448 2369 4022 8409 2359
3996 8385 2306 3990 8344
2245 3996 8323 2186 3980
8285 2130 3996 8260 2063
4053 8216 2016 4125 8198
2003 4142 8165 2016 4125
8135 2015 4110 8083 2016
4125 8073 2023 4131 8070
2054 4125 8073 2071 4111
8030 2092 4125 8010 2117
4130 8002 2169 4125 8010
2215 4102 7972 2245 4125
7947 2246 4163 7935 2245
4189 7947 2231 4159 7915
2207 4125 7885 2177 4069
7863 2207 3931 7885 2352
3601 7885 2663 3093 7885
3162 2478 7869 3881 1869
7885 4789 1349 7886 5783
1096 7885 6674 1308 7846
7266 2127 7822 7377 3408
7804 6924 4833 7822 5985
6055 7824 4832 6896 7822
3782 7229 7785 3044 7025
7760 2609 6393 7738 2359
5671 7760 2172 5130 7767
2016 4833 7760 1888 4646
7712 1788 4511 7697 1690
4422 7695 1598 4382 7697
1523 4326 7655 1484 4253
7634 1450 4194 7628 1408
4189 7634 1354 4199 7594
1332 4189 7572 1327 4147
7564 1332 4125 7572 1318
4140 7534 1332 4189 7509
1367 4205 7499 1408 4189
7509 1412 4144 7474 1408
4125 7447 1417 4116 7430
1446 4125 7447 1463 4122
7437 1484 4125 7447 1516
4103 7465 1560 4060 7509
1585 3987 7510 1598 3931
7509 1608 3891 7512 1636
3867 7572 1671 3828 7632
1712 3802 7697 1740 3774
7723 1750 3738 7760 1743
3666 7798 1750 3609 7885
1780 3587 7972 1826 3609
8073 1856 3617 8152 1864
3609 8260 1849 3593 8356
1826 3609 8448 1799 3619
8498 1788 3609 8573 1806
3580 8657 1864 3609 8761
1941 3694 8823 2016 3802
8886 2065 3870 8938 2092
3931 9011 2097 3995 9063
2092 4060 9136 2085 4091
9197 2092 4125 9262 2101
4163 9285 2092 4189 9324
2042 4160 9354 1978 4125
9387 1936 4111 9375 1940
4125 9387 1953 4121 9409
1940 4125 9449 1895 4144
9445 1864 4189 9449 1859
4221 9445 1864 4253 9449
1857 4266 9408 1864 4253
9387 1896 4206 9375 1940
4189 9387 1962 4212 9354
1978 4253 9324 1998 4240
9285 2016 4189 9262 2002
4137 9196 1978 4125 9136
1973 4122 9082 2016 4125
9074 2073 4136 9046 2130
4189 9011 2155 4241 8938
2169 4253 8886 2163 4189
8836 2169 4125 8823 2178
4096 8793 2207 4125 8761
2252 4134 8690 2321 4125
8636 2367 4106 8584 2359
4125 8573 2303 4131 8545
