7810 -8240 3750 -721 6931
-8176 3928 -724 5078 -7087
4062 -725 2898 -5409 4228
-715 1019 -3677 4433 -703
-209 -2272 4590 -693 -739
-1312 4702 -692 -757 -711
4812 -692 -563 -334 4950
-694 -394 -105 5066 -694
-316 -2 5153 -695 -285
5 5217 -691 -271 -21
5292 -684 -272 -27 5356
-676 -281 -7 5409 -673
-288 14 5437 -672 -298
28 5468 -671 -318 45
5494 -666 -318 63 5524
-664 -291 77 5532 -663
-248 74 5539 -665 -227
76 5543 -665 -206 74
5563 -666 -190 84 5567
-665 -177 92 5564 -657
-184 107 5548 -643 -185
120 5556 -634 -161 135
5557 -633 -122 154 5540
-635 -93 182 5494 -631
-76 217 5476 -625 -59
247 5464 -623 -34 269
5429 -628 -10 285 5345
-632 17 302 5287 -636
55 321 5255 -636 104
341 5204 -635 145 365
5086 -631 173 397 4986
-627 202 435 4927 -624
257 468 4862 -626 337
490 4724 -630 421 509
4592 -635 485 536 4508
-637 542 570 4438 -637
626 598 4303 -634 750
606 4162 -635 878 603
4064 -637 960 605 3997
-637 998 612 3882 -631
1050 603 3758 -628 1157
559 3668 -627 1294 489
3613 -627 1401 423 3518
-624 1448 375 3395 -625
1453 333 3274 -628 1443
272 3193 -630 1432 192
3124 -620 1422 118 3075
-603 1407 64 3038 -589
1373 22 3028 -585 1305
-24 3016 -586 1207 -74
3008 -588 1100 -119 2993
-589 1004 -158 2990 -589
916 -194 2983 -585 813
-224 2978 -579 681 -246
2961 -571 542 -266 2952
-569 438 -294 2940 -567
390 -326 2932 -557 374
-352 2912 -538 347 -366
2903 -526 292 -375 2893
-526 236 -381 2884 -532
203 -386 2863 -531 189
-391 2854 -529 162 -394
2847 -529 115 -392 2835
-530 71 -393 2802 -529
61 -409 2778 -531 79
-433 2762 -533 94 -447
2743 -526 83 -447 2700
-506 62 -451 2667 -491
52 -469 2648 -490 55
-480 2627 -491 54 -467
2577 -482 44 -442 2535
-472 35 -432 2511 -471
39 -440 2487 -472 49
-445 2431 -463 55 -428
2379 -454 51 -399 2346
-452 47 -380 2321 -454
43 -375 2266 -446 41
-374 2212 -436 46 -359
2175 -433 72 -332 2150
-434 114 -293 2100 -428
152 -241 2046 -419 167
-179 2005 -414 166 -117
1977 -414 178 -59 1934
-410 217 2 1893 -402
271 69 1863 -394 318
127 1844 -393 355 171
1810 -394 391 204 1770
-396 450 235 1732 -395
541 234 1704 -395 651
167 1669 -393 750 20
1628 -390 814 -166 1586
-386 832 -334 1558 -384
792 -439 1524 -384 698
-481 1480 -386 584 -490
1421 -386 500 -494 1374
-386 455 -506 1334 -385
402 -516 1298 -385 300
-512 1243 -385 166 -492
1189 -387 29 -465 1149
-386 -90 -455 1141 -378
-201 -446 1130 -364 -264
-437 1105 -354 -272 -420
1082 -353 -225 -435 1114
-358 -172 -474 1168 -358
-138 -510 1194 -356 -129
-506 1194 -355 -137 -482
1266 -357 -147 -481 1406
-357 -146 -493 1522 -356
-141 -411 1573 -354 -145
-143 1686 -358 -130 255
1894 -369 -3 588 2092
-384 359 684 2194 -392
1022 463 2327 -385 1956
-156 2567 -363 3110 -1322
2823 -342 4468 -3081 2971
-333 5928 -5167 3109 -336
7108 -7024 3334 -343 7444
-8086 3592 -353 6625 -8058
3752 -360 4892 -7036 3878
-358 2848 -5418 4059 -351
1056 -3712 4278 -354 -158
-2306 4423 -366 -700 -1343
4525 -362 -710 -745 4664
-344 -492 -367 4867 -332
-308 -130 5045 -335 -219
-23 5178 -333 -173 -20
5272 -315 -158 -44 5355
-304 -188 -30 5400 -308
-223 11 5421 -307 -215
28 5425 -289 -180 15
5445 -279 -164 7 5463
-297 -159 22 5483 -313
-148 47 5484 -283 -129
56 5484 -246 -135 63
5477 -289 -133 64 5483
-381 -112 80 5474 -300
-70 94 5456 164 -52
113 5423 893 -57 129
5412 1427 -51 146 5395
1365 -11 164 5357 755
38 185 5286 57 52
207 5241 -313 24 230
5207 -321 -1 250 5147
-224 17 269 5035 -215
78 290 4949 -266 149
312 4894 -275 213 326
4824 -238 266 335 4687
-222 310 355 4567 -238
343 397 4495 -241 383
449 4425 -228 442 487
4284 -230 520 504 4146
-253 605 512 4058 -263
698 530 3994 -249 796
559 3872 -227 891 586
3746 -217 975 600 3663
-214 1060 596 3615 -211
1153 574 3528 -215 1250
534 3436 -227 1335 483
3371 -237 1407 433 3343
-235 1469 392 3291 -218
1523 350 3235 -201 1563
297 3190 -193 1590 236
3173 -192 1600 177 3143
-191 1594 118 3114 -192
1563 58 3088 -196 1501
2 3081 -197 1405 -40
3064 -186 1287 -70 3048
-169 1166 -105 3029 -156
1064 -157 3024 -153 979
-217 3012 -151 897 -266
3005 -145 797 -292 2994
-138 686 -306 2992 -134
580 -322 2984 -132 498
-339 2977 -128 437 -350
2960 -119 389 -354 2953
-114 338 -355 2942 -113
288 -357 2929 -116 245
-363 2905 -117 227 -375
2890 -117 232 -392 2875
-116 246 -404 2860 -106
245 -406 2831 -87 224
-403 2816 -74 189 -403
2805 -74 161 -406 2786
-78 150 -410 2744 -78
153 -416 2714 -77 151
-424 2695 -79 130 -427
2671 -74 95 -424 2620
-59 73 -420 2580 -48
77 -421 2557 -48 97
-421 2531 -47 103 -411
2472 -34 87 -392 2421
-20 65 -376 2392 -17
63 -368 2365 -19 78
-358 2307 -13 90 -337
2252 -2 86 -308 2221
2 87 -281 2196 0
109 -252 2142 2 153
-209 2094 8 201 -144
2071 11 243 -74 2051
10 281 -15 1988 10
317 33 1906 10 343
85 1835 9 363 146
1782 9 392 203 1719
11 449 243 1661 11
536 261 1622 8 642
241 1602 6 749 166
1562 15 839 24 1508
32 902 -159 1452 47
925 -330 1414 52 892
-438 1374 48 799 -479
1327 42 675 -481 1270
38 571 -478 1228 38
509 -486 1198 39 460
-497 1179 43 374 -496
1148 47 239 -475 1119
49 72 -440 1104 49
-68 -415 1124 48 -158
-398 1144 48 -174 -403
1151 47 -160 -407 1158
48 -143 -425 1230 53
-148 -443 1335 62 -149
-461 1414 70 -135 -462
1459 70 -112 -453 1575
63 -93 -460 1761 54
-81 -470 1922 47 -75
-392 2009 45 -75 -126
2149 50 -56 279 2385
60 72 619 2611 68
438 703 2732 70 1118
452 2874 66 2063 -190
3117 58 3192 -1347 3373
49 4495 -3072 3516 44
5916 -5126 3643 48 7086
-6964 3855 58 7400 -8009
4098 66 6531 -7958 4242
67 4759 -6918 4345 67
2740 -5301 4496 69 1022
-3610 4679 69 -124 -2222
4789 64 -628 -1279 4857
65 -613 -706 4947 79
-377 -347 5070 97 -202
-108 5149 107 -156 14
5195 108 -159 27 5240
107 -157 -6 5310 106
-165 -12 5355 104 -178
11 5382 104 -171 23
5397 110 -148 18 5426
118 -133 24 5443 123
-120 52 5457 125 -103
83 5455 128 -81 87
5464 135 -85 85 5467
142 -96 82 5475 145
-103 103 5465 146 -79
119 5454 152 -44 132
5433 160 -12 138 5428
165 5 149 5409 165
14 166 5375 169 26
182 5320 178 51 196
5290 185 82 212 5259
185 110 236 5206 182
130 261 5112 182 156
278 5046 183 190 288
4997 183 230 304 4927
186 267 330 4799 195
307 359 4693 204 357
383 4626 204 423 406
4554 202 492 434 4415
201 558 468 4290 203
620 499 4214 202 691
520 4150 202 778 533
4020 203 881 543 3891
203 990 549 3809 201
1104 543 3757 202 1215
522 3660 204 1318 492
3561 203 1405 456 3499
198 1476 415 3469 201
1532 367 3403 212 1572
321 3330 220 1598 276
3278 218 1613 227 3257
219 1612 170 3214 233
1591 113 3167 252 1551
64 3128 259 1500 18
3115 260 1439 -29 3093
265 1352 -72 3076 273
1227 -107 3064 278 1078
-139 3067 280 938 -175
3057 282 830 -214 3047
286 744 -244 3031 286
660 -262 3026 287 568
-274 3011 293 483 -286
3000 305 407 -298 2983
314 337 -310 2977 318
274 -324 2964 321 239
-339 2950 330 232 -352
2927 341 233 -363 2914
348 209 -373 2897 349
169 -385 2877 356 140
-396 2844 369 139 -403
2823 377 146 -402 2804
377 144 -398 2781 382
126 -399 2739 395 105
-407 2710 407 91 -414
2690 406 86 -415 2665
407 82 -405 2614 416
75 -390 2575 425 64
-379 2551 424 52 -379
2524 425 42 -386 2465
435 39 -385 2414 444
41 -371 2384 441 46
-353 2358 444 47 -340
2300 462 47 -333 2245
481 55 -318 2212 483
78 -289 2188 481 110
-244 2138 489 138 -192
2090 500 158 -135 2060
501 178 -76 2040 500
207 -13 1996 507 241
48 1954 518 270 105
1929 519 294 154 1913
519 330 198 1875 526
397 236 1835 536 497
257 1808 538 613 230
1791 539 721 127 1755
544 800 -51 1712 553
837 -248 1674 557 827
-398 1650 559 770 -470
1614 562 681 -495 1566
570 588 -505 1513 576
513 -504 1479 579 451
-490 1446 579 370 -475
1413 579 246 -470 1367
576 102 -460 1335 575
-26 -429 1317 579 -100
-406 1315 594 -148 -401
1304 611 -183 -426 1291
620 -226 -443 1290 619
-244 -459 1336 615 -230
-460 1391 614 -195 -451
1430 617 -179 -433 1459
617 -193 -437 1554 619
-206 -463 1689 622 -192
-451 1799 627 -183 -299
1863 627 -219 22 1995
626 -239 407 2204 626
-77 669 2392 626 411
665 2495 624 1250 319
2642 629 2381 -461 2887
643 3767 -1793 3127 656
5350 -3652 3257 657 6866
-5690 3396 655 7790 -7303
3630 654 7615 -7944 3879
656 6279 -7441 4017 654
4254 -6076 4130 654 2212
-4389 4316 656 615 -2874
4533 656 -367 -1769 4660
651 -752 -1049 4743 653
-696 -578 4865 666 -467
-259 5019 681 -298 -70
5107 683 -249 -8 5156
683 -256 -24 5227 691
-272 -43 5342 706 -289
-25 5428 713 -290 8
5478 714 -262 21 5506
714 -229 15 5542 719
-229 12 5554 722 -242
16 5550 724 -243 25
5532 723 -212 27 5533
723 -189 44 5533 721
-169 61 5534 721 -160
83 5512 724 -148 89
5489 732 -140 99 5460
739 -132 116 5444 744
-122 138 5408 742 -113
150 5356 742 -106 149
5286 740 -99 150 5239
741 -86 166 5187 742
-61 197 5114 748 -22
225 5008 756 31 239
4930 763 88 245 4867
762 138 259 4784 760
171 283 4650 759 197
310 4540 763 232 334
4466 762 288 354 4387
758 357 374 4248 748
432 392 4124 741 511
405 4046 738 597 416
3983 744 687 425 3864
754 772 430 3749 761
855 422 3678 761 952
402 3638 761 1060 377
3559 761 1149 353 3483
761 1202 327 3438 758
1245 290 3423 761 1314
239 3377 769 1410 181
3327 779 1495 127 3293
781 1532 82 3287 781
1515 38 3261 780 1460
-12 3237 781 1388 -64
3221 779 1313 -107 3223
780 1235 -137 3210 781
1145 -161 3199 782 1035
-191 3190 777 904 -227
3193 778 766 -261 3181
785 641 -286 3169 795
543 -305 3156 798 470
-322 3151 799 409 -333
3134 802 349 -338 3117
811 286 -343 3097 817
225 -360 3085 820 172
-385 3065 820 129 -402
3047 820 91 -395 3024
816 58 -373 3011 816
35 -359 2993 820 32
-372 2976 835 38 -396
2951 851 33 -408 2939
861 6 -403 2922 859
-27 -401 2902 856 -52
-412 2869 855 -69 -425
2848 857 -85 -422 2830
857 -96 -407 2805 862
-97 -393 2758 871 -91
-384 2722 877 -87 -376
2696 876 -88 -370 2667
880 -94 -368 2614 889
-104 -367 2575 897 -124
-356 2552 895 -142 -338
2523 898 -145 -321 2459
907 -131 -312 2402 916
-114 -298 2367 914 -101
-268 2337 917 -82 -221
2275 933 -41 -168 2219
953 28 -119 2187 957
102 -73 2164 954 156
-21 2115 951 183 36
2072 954 207 90 2052
953 264 131 2037 953
365 158 1993 956 484
161 1952 962 590 119
1933 963 666 7 1919
963 716 -162 1862 968
740 -338 1782 984 731
-466 1707 996 680 -532
1655 997 593 -555 1595
985 498 -562 1532 972
429 -566 1476 963 389
-566 1448 962 330 -555
1419 962 205 -527 1381
964 21 -487 1332 963
-133 -457 1306 964 -214
-440 1294 962 -230 -449
1291 963 -260 -453 1272
963 -299 -462 1261 965
-327 -467 1273 962 -315
-484 1325 958 -273 -494
1378 955 -217 -494 1420
956 -182 -494 1469 953
-204 -506 1582 946 -271
-480 1724 937 -338 -325
1841 936 -381 -7 1926
934 -384 371 2076 925
-229 634 2289 905 262
644 2477 895 1149 323
2592 894 2339 -422 2750
891 3770 -1712 2990 871
5424 -3530 3218 855 7038
-5537 3345 852 7994 -7123
3482 859 7739 -7732 3703
858 6275 -7211 3933 857
4159 -5862 4058 858 2066
-4223 4163 856 449 -2765
4335 838 -518 -1723 4535
820 -864 -1069 4648 814
-785 -643 4719 819 -548
-328 4824 819 -372 -121
4956 818 -329 -45 5024
819 -367 -60 5056 820
-398 -80 5103 812 -392
-62 5180 803 -365 -30
5221 798 -341 -17 5236
800 -329 -25 5248 795
-327 -30 5284 786 -334
-19 5303 777 -315 -10
5309 778 -280 -6 5301
784 -238 -16 5308 794
-239 -7 5308 800 -257
11 5305 802 -275 38
5283 796 -273 52 5271
788 -259 61 5258 780
-240 67 5250 778 -216
73 5217 781 -193 75
5180 790 -177 75 5136
798 -163 86 5108 803
-145 109 5062 799 -113
136 5002 791 -70 157
4925 782 -16 172 4871
779 34 192 4815 779
69 221 4738 781 88
251 4625 780 109 273
4539 780 154 289 4470
779 228 309 4385 781
312 335 4250 780 391
359 4137 779 460 375
4061 778 531 381 3988
784 624 381 3863 793
742 373 3750 801 860
359 3680 801 948 342
3628 799 1006 322 3530
797 1064 291 3436 800
1141 244 3380 800 1219
193 3352 800 1271 149
3287 797 1295 111 3220
799 1304 67 3178 801
1301 11 3166 800 1281
-46 3132 796 1243 -91
3099 799 1188 -124 3078
804 1106 -155 3078 802
997 -190 3060 788 878
-226 3046 782 766 -254
3038 784 658 -271 3043
783 543 -286 3029 770
430 -307 3016 763 334
-329 3003 767 265 -341
3000 766 211 -346 2981
747 159 -358 2963 731
103 -380 2943 729 50
-397 2932 728 3 -397
2912 708 -34 -390 2896
684 -66 -391 2882 673
-93 -402 2876 670 -112
-411 2861 652 -118 -413
2845 626 -128 -410 2824
609 -158 -407 2812 603
-205 -402 2793 587 -239
-397 2771 553 -242 -398
2739 519 -224 -408 2720
504 -211 -419 2700 497
-209 -415 2674 461 -217
-398 2634 409 -237 -381
2607 386 -273 -375 2585
386 -307 -376 2555 348
-317 -377 2499 273 -304
-379 2454 240 -288 -383
2424 251 -287 -378 2392
207 -300 -355 2333 99
-308 -323 2283 47 -294
-290 2251 68 -256 -254
2225 26 -203 -205 2174
-89 -154 -143 2127 -97
-119 -79 2099 -14 -97
-23 2080 -207 -75 25
2038 -894 -39 69 2003
-1713 21 113 1987 -2066
103 153 1976 -1782 205
173 1941 -1185 317 137
1909 -678 424 26 1892
-453 506 -150 1880 -502
552 -335 1842 -668 557
-471 1804 -763 516 -535
1780 -744 426 -549 1764
-747 311 -545 1722 -853
211 -537 1670 -970 150
-525 1626 -996 94 -509
1600 -998 -8 -491 1559
-1069 -159 -470 1507 -1177
-321 -443 1453 -1227 -434
-427 1423 -1238 -500 -414
1394 -1281 -522 -420 1357
-1365 -538 -427 1307 -1423
-535 -453 1279 -1445 -516
-473 1269 -1472 -488 -474
1275 -1545 -474 -455 1267
-1619 -478 -454 1268 -1656
-473 -486 1290 -1668 -447
-495 1353 -1713 -450 -361
1414 -1785 -529 -27 1461
-1834 -614 404 1514 -1838
-514 726 1632 -1859 -57
779 1782 -1923 795 476
1906 -1981 1991 -292 1995
-1982 3496 -1677 2151 -1976
5259 -3664 2373 -2007 7012
-5878 2570 -2052 8200 -7670
2690 -2056 8243 -8467 2848
-2047 6981 -8073 3088 -2066
4827 -6731 3319 -2107 2490
-4950 3449 -2115 556 -3255
3582 -2099 -669 -1963 3796
-2096 -1156 -1126 4022 -2122
-1099 -617 4147 -2135 -842
-287 4242 -2119 -665 -75
4395 -2093 -637 23 4576
-2100 -673 31 4676 -2117
-706 18 4732 -2102 -721
31 4816 -2049 -715 55
4931 -2018 -688 55 4994
-2022 -664 43 5017 -2019
-663 47 5047 -1975 -660
67 5107 -1943 -653 86
5143 -1948 -649 90 5149
-1946 -673 105 5144 -1889
-672 116 5164 -1828 -636
129 5181 -1809 -588 134
5180 -1807 -590 149 5143
-1767 -634 171 5106 -1719
-660 195 5068 -1700 -629
217 5031 -1692 -557 234
4969 -1658 -496 246 4911
-1617 -473 252 4858 -1598
-474 262 4819 -1590 -467
283 4758 -1552 -439 313
4685 -1494 -402 347 4604
-1449 -374 380 4547 -1431
-346 410 4479 -1405 -298
438 4393 -1363 -230 462
4284 -1326 -164 488 4202
-1316 -126 519 4128 -1291
-102 556 4041 -1235 -50
586 3915 -1215 56 604
3813 -1278 199 612 3739
-1244 330 621 3669 -838
426 634 3559 -79 503
638 3464 561 589 619
3402 609 680 577 3360
72 755 531 3286 -595
805 490 3217 -988 852
446 3176 -1041 910 385
3160 -943 965 309 3118
-869 986 240 3076 -873
966 189 3051 -890 926
146 3051 -859 895 90
3034 -792 871 17 3018
-757 829 -54 3007 -760
746 -108 3015 -751 620
-146 3010 -704 464 -180
3008 -671 301 -211 3006
-673 156 -234 3013 -668
60 -251 3004 -623 22
-278 2998 -581 2 -321
2991 -577 -55 -364 2991
-575 -157 -389 2980 -533
-251 -391 2975 -477 -294
-386 2968 -455 -299 -388
2967 -454 -311 -396 2954
-434 -343 -403 2944 -404
-377 -408 2931 -393 -396
-413 2925 -392 -401 -416
2909 -364 -386 -418 2897
-315 -354 -421 2882 -279
-324 -429 2876 -268 -331
-438 2861 -256 -381 -439
2849 -224 -440 -431 2834
-185 -466 -425 2828 -167
-449 -430 2814 -164 -420
-444 2795 -154 -405 -452
2765 -128 -401 -448 2746
-110 -389 -438 2725 -108
-371 -429 2699 -101 -367
-420 2660 -74 -392 -409
2632 -50 -432 -393 2609
-49 -458 -374 2582 -59
-447 -350 2533 -57 -399
-317 2496 -46 -335 -272
2469 -43 -283 -220 2442
-45 -251 -159 2391 -35
-233 -94 2348 -16 -213
-24 2321 -9 -188 39
2300 -24 -159 91 2258
-43 -127 131 2226 -47
-69 166 2210 -43 30
182 2198 -49 159 154
2162 -67 281 55 2130
-77 374 -103 2113 -73
430 -276 2101 -76 437
-409 2066 -96 373 -482
2034 -113 251 -507 2016
-113 125 -513 2005 -114
53 -518 1967 -131 23
-523 1922 -150 -21 -523
1888 -151 -119 -513 1870
-152 -267 -487 1818 -167
-417 -451 1730 -186 -547
-414 1629 -189 -624 -412
1569 -189 -657 -429 1539
-207 -633 -459 1516 -233
-593 -473 1484 -247 -565
-493 1484 -251 -559 -507
1520 -258 -543 -508 1575
-274 -507 -504 1610 -284
-483 -523 1655 -289 -498
-526 1732 -295 -543 -404
1852 -309 -595 -95 1959
-321 -615 315 2053 -327
-479 644 2157 -333 -30
732 2325 -351 781 473
2512 -375 1870 -256 2672
-389 3200 -1597 2800 -390
4792 -3543 2983 -393 6478
-5751 3211 -405 7726 -7599
3413 -416 7920 -8498 3545
-416 6837 -8222 3705 -423
4817 -6974 3923 -441 2529
-5225 4132 -455 614 -3490
4251 -454 -572 -2133 4367
-459 -1026 -1246 4539 -477
-1017 -699 4720 -493 -857
-333 4814 -491 -732 -100
4882 -496 -672 -11 4989
-523 -649 -25 5120 -551
-638 -47 5186 -554 -639
-20 5218 -549 -654 24
5264 -556 -673 40 5335
-569 -674 23 5364 -569
-639 7 5369 -568 -591
19 5378 -582 -554 43
5417 -604 -554 66 5435
-611 -554 72 5435 -607
-547 83 5422 -605 -518
87 5433 -608 -501 95
5437 -606 -497 101 5429
-606 -502 119 5397 -613
-507 150 5381 -629 -502
181 5368 -638 -490 202
5352 -638 -477 216 5303
-634 -468 236 5262 -634
-452 267 5229 -637 -412
300 5202 -638 -355 326
5139 -634 -308 346 5068
-630 -287 366 4997 -626
-270 389 4944 -626 -234
418 4865 -626 -181 455
4772 -630 -122 499 4670
-636 -54 542 4596 -640
34 576 4515 -634 132
601 4414 -623 223 620
4287 -610 305 637 4189
-605 385 654 4109 -605
468 667 4025 -607 559
670 3909 -607 665 652
3816 -609 783 612 3752
-608 892 561 3698 -597
978 515 3608 -578 1042
474 3532 -567 1092 425
3486 -566 1120 363 3456
-566 1117 292 3391 -556
1096 224 3332 -548 1076
163 3296 -547 1056 108
3283 -548 1015 51 3245
-539 936 -11 3216 -529
834 -72 3204 -527 737
-125 3200 -529 648 -166
3165 -522 542 -200 3133
-511 409 -234 3115 -506
280 -269 3105 -510 191
-299 3067 -513 137 -317
3037 -511 82 -325 3022
-507 9 -331 3010 -510
-63 -345 2967 -513 -104
-370 2931 -512 -121 -392
2913 -505 -139 -397 2897
-508 -179 -386 2837 -522
-222 -378 2760 -541 -250
-387 2689 -549 -259 -409
2635 -551 -270 -425 2570
-550 -288 -429 2515 -549
-301 -432 2476 -547 -294
-445 2453 -547 -276 -463
2415 -552 -262 -473 2372
-562 -259 -473 2333 -566
-254 -476 2307 -568 -241
-483 2270 -571 -230 -485
2225 -578 -238 -472 2176
-585 -265 -450 2141 -588
-294 -431 2104 -589 -310
-416 2057 -595 -313 -401
1997 -603 -314 -390 1952
-608 -320 -381 1915 -608
-328 -361 1873 -612 -321
-321 1815 -621 -285 -269
1770 -629 -218 -220 1741
-628 -138 -175 1706 -625
-76 -121 1648 -624 -56
-54 1599 -627 -67 15
1571 -628 -76 69 1540
-626 -50 110 1481 -624
14 148 1429 -627 102
185 1400 -628 195 189
1372 -626 285 123 1314
-623 367 -24 1259 -626
434 -210 1229 -629 466
-373 1203 -625 442 -473
1145 -614 350 -515 1080
-607 221 -527 1038 -608
111 -530 1012 -607 63
-533 960 -597 53 -534
891 -589 14 -528 835
-588 -98 -512 812 -589
-267 -485 786 -579 -412
-465 741 -571 -499 -450
693 -570 -520 -454 687
-570 -526 -457 702 -557
-519 -477 702 -539 -507
-503 678 -528 -491 -536
691 -528 -489 -544 753
-529 -499 -527 826 -530
-501 -517 864 -531 -490
-528 919 -531 -484 -478
1024 -526 -505 -246 1167
-518 -540 156 1282 -512
-499 546 1388 -510 -229
724 1525 -508 395 593
1720 -510 1369 68 1910
-512 2609 -1011 2071 -514
4070 -2732 2222 -508 5667
-4881 2426 -494 7063 -6912
2653 -478 7678 -8214 2845
-470 7103 -8408 2989 -470
5454 -7514 3171 -471 3289
-5904 3401 -472 1230 -4116
3607 -476 -270 -2598 3735
-475 -1015 -1542 3870 -456
-1110 -885 4056 -427 -897
-469 4238 -414 -704 -196
4336 -416 -642 -58 4421
-405 -647 -38 4548 -374
-660 -63 4687 -355 -661
-59 4755 -359 -635 -24
4797 -351 -582 -4 4870
-314 -550 -8 4968 -288
-567 -7 5016 -291 -593
13 5033 -287 -583 36
5061 -248 -537 35 5119
-213 -514 33 5148 -214
-510 34 5151 -213 -517
56 5148 -171 -501 67
5177 -123 -479 74 5197
-112 -453 79 5194 -117
-425 98 5168 -97 -396
121 5174 -66 -370 141
5195 -57 -349 161 5191
-60 -331 184 5119 -42
-315 202 5031 -13 -298
208 4949 1 -279 215
4874 0 -256 243 4766
10 -227 290 4662 32
-185 333 4580 48 -125
358 4521 51 -53 375
4430 52 18 404 4322
58 77 448 4214 65
131 491 4137 68 190
523 4050 72 264 547
3955 84 354 567 3850
102 456 581 3775 113
564 586 3706 108 667
587 3636 96 758 586
3546 87 845 565 3478
85 941 517 3427 87
1042 456 3386 92 1123
409 3321 101 1164 375
3270 109 1182 335 3236
109 1210 273 3221 100
1250 200 3188 90 1260
133 3162 87 1206 77
3146 88 1112 20 3143
84 1028 -41 3121 74
966 -99 3103 66 897
-147 3091 66 793 -191
3092 68 658 -236 3078
67 521 -274 3068 67
403 -299 3062 69 305
-318 3064 67 217 -343
3052 57 132 -371 3045
49 53 -391 3041 48
-6 -399 3040 47 -46
-405 3023 35 -77 -414
3011 14 -110 -425 3002
2 -140 -434 2997 7
-161 -440 2975 22 -168
-449 2962 34 -174 -458
2955 38 -181 -464 2951
39 -193 -465 2924 39
-202 -470 2898 39 -209
-482 2878 37 -214 -500
2863 38 -219 -512 2829
40 -220 -512 2796 40
-220 -507 2767 36 -220
-508 2748 35 -222 -514
2712 44 -220 -514 2674
57 -219 -505 2634 65
-226 -497 2607 68 -243
-491 2571 69 -259 -479
2532 69 -263 -455 2489
65 -256 -432 2459 62
-248 -415 2427 70 -233
-391 2391 92 -203 -342
2345 117 -159 -275 2312
129 -117 -210 2283 128
-89 -160 2250 129 -70
-115 2201 138 -48 -64
2164 147 -15 -1 2137
147 26 65 2109 144
78 127 2064 144 152
167 2031 143 247 171
2011 142 345 119 1988
151 429 3 1940 171
489 -166 1897 184 519
-343 1870 183 504 -474
1846 186 439 -534 1793
204 341 -546 1738 223
250 -552 1699 224 185
-566 1677 220 135 -579
1632 222 67 -574 1571
223 -43 -553 1519 216
-179 -528 1503 221 -316
-505 1480 247 -412 -494
1430 275 -472 -477 1370
282 -491 -475 1364 279
-500 -488 1386 281 -501
-531 1378 281 -501 -566
1325 274 -487 -570 1338
275 -463 -551 1456 296
-442 -556 1626 319 -427
-589 1761 324 -421 -566
1906 325 -439 -379 2095
339 -474 -22 2298 361
-446 374 2438 372 -218
623 2558 376 300 603
2719 382 1108 234 2933
394 2178 -603 3122 399
3510 -2038 3277 403 5051
-4004 3428 411 6520 -6098
3618 426 7403 -7704 3800
436 7228 -8320 3950 441
5936 -7805 4068 448 3952
-6423 4213 468 1900 -4683
4373 491 265 -3086 4513
502 -720 -1903 4602 505
-1048 -1130 4691 519 -922
-635 4798 545 -669 -320
4902 563 -530 -153 4956
562 -519 -103 5000 567
-534 -111 5059 585 -533
-120 5128 599 -532 -114
5158 598 -526 -99 5176
606 -498 -86 5204 634
-473 -72 5253 658 -485
-56 5274 658 -504 -49
5280 656 -496 -45 5282
671 -458 -39 5308 685
-442 -12 5319 680 -439
8 5315 687 -441 21
5291 722 -426 16 5293
759 -409 16 5294 766
-393 22 5280 760 -378
33 5234 768 -370 51
5209 780 -375 78 5198
777 -380 112 5176 778
-365 139 5107 801 -317
154 5051 830 -252 164
5017 838 -193 180 4981
838 -157 205 4889 845
-138 231 4794 855 -120
252 4721 852 -86 269
4663 853 -34 294 4564
871 36 329 4457 899
115 369 4365 911 198
402 4301 915 284 420
4209 923 377 423 4104
939 469 424 4000 948
551 432 3928 953 624
442 3849 960 704 438
3765 975 803 416 3673
985 911 382 3608 990
1007 347 3549 997 1079
309 3495 1021 1139 259
3426 1047 1196 195 3376
1063 1244 130 3339 1064
1265 75 3311 1071 1252
29 3264 1087 1217 -22
3228 1099 1175 -77 3203
1099 1130 -125 3193 1112
1071 -161 3168 1138 982
-196 3151 1159 862 -240
3141 1157 723 -284 3140
1164 583 -315 3119 1192
455 -337 3105 1217 343
-361 3094 1216 247 -387
3091 1216 169 -410 3070
1234 109 -428 3056 1254
55 -440 3047 1250 -1
-439 3043 1255 -64 -428
3021 1288 -115 -423 3008
1328 -137 -437 3001 1335
-132 -461 2996 1329 -128
-476 2970 1331 -151 -474
2951 1340 -195 -464 2939
1336 -228 -461 2929 1337
-237 -471 2897 1356 -233
-494 2877 1381 -233 -520
2869 1386 -232 -535 2861
1386 -224 -534 2815 1395
-219 -519 2759 1411 -233
-502 2708 1413 -257 -487
2669 1414 -275 -478 2613
1425 -286 -472 2558 1444
-299 -467 2512 1451 -310
-460 2482 1454 -302 -452
2442 1461 -271 -445 2399
1478 -244 -430 2357 1489
-245 -399 2330 1495 -268
-357 2296 1496 -271 -321
2261 1503 -225 -291 2223
1507 -151 -251 2198 1511
-93 -188 2172 1515 -73
-116 2143 1529 -70 -53
2103 1543 -49 -5 2075
1552 5 39 2051 1553
78 78 2028 1563 162
108 1992 1579 255 112
1968 1593 355 63 1950
1592 442 -66 1928 1593
494 -256 1883 1600 500
-441 1844 1611 473 -553
1815 1610 422 -589 1787
1610 353 -590 1735 1612
274 -594 1682 1620 200
-601 1643 1618 135 -593
1621 1620 56 -571 1580
1628 -61 -551 1528 1638
-214 -541 1482 1637 -350
-537 1472 1639 -441 -521
1462 1649 -470 -511 1431
1666 -474 -508 1390 1669
-457 -530 1403 1667 -438
-556 1451 1663 -428 -582
1483 1667 -438 -588 1481
1666 -452 -581 1528 1667
-442 -582 1636 1668 -417
-593 1742 1675 -413 -545
1789 1677 -462 -345 1868
1677 -550 4 2021 1672
-579 367 2199 1669 -375
572 2314 1664 207 508
2429 1666 1168 94 2605
1668 2410 -797 2820 1674
3889 -2261 2982 1675 5540
-4185 3119 1677 7027 -6131
3286 1675 7734 -7490 3501
1677 7214 -7801 3688 1674
5588 -7024 3839 1676 3449
-5537 3980 1675 1430 -3897
4154 1677 -64 -2535 4319
1674 -878 -1601 4455 1675
-1086 -1007 4555 1675 -945
-604 4672 1685 -727 -322
4797 1691 -577 -170 4909
1697 -507 -142 4974 1695
-494 -166 5039 1695 -508
-168 5114 1694 -512 -141
5192 1696 -488 -127 5228
1694 -467 -135 5254 1696
-479 -143 5286 1695 -507
-133 5333 1694 -516 -115
5351 1692 -485 -111 5358
1703 -456 -107 5367 1719
-443 -102 5399 1736 -459
-78 5413 1738 -467 -65
5411 1732 -456 -59 5396
1724 -424 -66 5406 1725
-391 -68 5410 1724 -372
-61 5398 1725 -366 -46
5361 1721 -364 -28 5355
1724 -353 -9 5359 1725
-330 8 5339 1725 -299
20 5269 1720 -268 29
5224 1724 -240 44 5206
1728 -209 67 5171 1726
-175 96 5069 1706 -137
124 4981 1685 -98 144
4936 1671 -53 153 4887
1674 5 156 4735 1680
78 163 4528 1691 158
183 4332 1696 240 209
4183 1698 332 228 4029
1690 439 227 3892 1682
551 215 3788 1675 649
206 3731 1676 735 202
3663 1673 827 185 3591
1671 932 146 3518 1666
1025 100 3475 1666 1085
64 3432 1664 1117 31
3394 1667 1144 -12 3348
1666 1167 -67 3322 1667
1175 -118 3298 1665 1168
-158 3284 1666 1150 -190
3261 1665 1115 -223 3250
1669 1048 -256 3239 1665
949 -290 3234 1658 839
-321 3214 1642 738 -346
3203 1634 649 -369 3191
1633 553 -391 3186 1646
433 -411 3166 1658 296
-425 3154 1670 173 -431
3144 1668 89 -436 3138
1661 45 -444 3117 1646
17 -450 3106 1637 -16
-456 3097 1634 -56 -467
3090 1638 -96 -487 3064
1638 -128 -506 3046 1638
-153 -516 3032 1634 -169
-516 3022 1638 -182 -511
2992 1638 -197 -505 2973
1638 -217 -496 2961 1633
-227 -492 2950 1638 -226
-496 2920 1649 -227 -505
2899 1664 -245 -509 2890
1667 -273 -502 2880 1668
-296 -494 2840 1665 -306
-496 2800 1667 -311 -507
2771 1665 -315 -516 2748
1667 -320 -511 2701 1666
-325 -496 2656 1668 -337
-480 2625 1664 -351 -472
2602 1666 -360 -471 2557
1668 -355 -471 2506 1674
-333 -459 2463 1674 -301
-432 2434 1676 -265 -387
2391 1677 -232 -331 2342
1687 -198 -266 2294 1694
-156 -199 2260 1698 -110
-135 2222 1694 -73 -83
2182 1694 -39 -45 2138
1694 14 -14 2107 1698
99 19 2076 1694 202
40 2043 1687 311 16
2003 1677 419 -87 1976
1675 518 -254 1952 1674
572 -432 1922 1677 562
-564 1876 1675 502 -638
1839 1676 427 -667 1811
1675 351 -674 1781 1677
280 -665 1733 1675 217
-647 1693 1677 156 -635
1664 1676 73 -635 1635
1675 -60 -627 1579 1668
-217 -594 1518 1667 -354
-541 1471 1665 -418 -520
1448 1667 -442 -533 1408
1664 -451 -567 1352 1667
-484 -584 1299 1668 -517
-604 1295 1665 -515 -619
1297 1649 -471 -615 1269
1639 -427 -593 1222 1635
-430 -591 1243 1638 -460
-590 1315 1629 -477 -491
1361 1620 -497 -218 1352
1615 -544 156 1409 1619
-506 461 1554 1618 -163
551 1682 1618 600 359
1715 1618 1704 -198 1800
1620 3049 -1258 2060 1614
4617 -2883 2441 1611 6267
-4843 2780 1608 7520 -6603
3070 1610 7767 -7565 3358
1604 6744 -7429 3638 1596
4784 -6341 3829 1588 2582
-4768 3961 1588 753 -3230
4102 1588 -427 -2058 4286
1591 -969 -1300 4449 1588
-1038 -818 4573 1589 -854
-475 4671 1588 -646 -242
4783 1590 -540 -136 4886
1588 -523 -128 4969 1590
-519 -143 5020 1588 -512
-135 5074 1590 -526 -112
5132 1588 -556 -98 5189
1590 -562 -99 5216 1588
-532 -101 5235 1590 -504
-94 5251 1588 -496 -86
5280 1591 -514 -71 5287
1589 -518 -64 5284 1589
-508 -50 5273 1587 -467
-51 5281 1592 -424 -51
5280 1591 -402 -54 5266
1583 -414 -46 5234 1562
-442 -35 5229 1550 -451
-22 5224 1547 -431 -6
5199 1552 -393 12 5137
1550 -362 26 5100 1551
-347 30 5080 1552 -333
29 5043 1551 -300 38
4952 1538 -245 60 4882
1532 -192 87 4842 1532
-161 106 4794 1532 -145
116 4681 1514 -111 125
4575 1497 -41 138 4508
1489 54 152 4449 1493
139 167 4328 1492 200
182 4205 1493 253 197
4121 1495 326 201 4061
1496 433 194 3951 1481
555 186 3827 1464 668
186 3727 1452 762 186
3664 1453 849 169 3575
1453 941 128 3479 1455
1030 76 3394 1455 1093
26 3342 1457 1120 -15
3283 1450 1123 -52 3224
1443 1130 -91 3165 1436
1145 -135 3132 1436 1150
-180 3101 1431 1121 -220
3077 1426 1057 -251 3046
1417 975 -272 3031 1416
893 -289 3016 1413 803
-308 3010 1409 687 -328
2995 1399 545 -345 2990
1395 403 -356 2984 1394
291 -366 2984 1397 212
-381 2972 1397 143 -401
2968 1399 62 -420 2961
1396 -22 -434 2957 1388
-93 -441 2940 1368 -140
-442 2930 1354 -171 -439
2919 1352 -192 -439 2912
1365 -206 -444 2892 1377
-212 -454 2880 1389 -218
-462 2872 1390 -232 -467
2865 1384 -254 -468 2843
1367 -274 -469 2831 1359
-291 -471 2825 1357 -307
-476 2818 1358 -324 -479
2794 1348 -336 -476 2781
1340 -346 -470 2779 1336
-359 -468 2772 1339 -381
-473 2738 1335 -397 -477
2712 1330 -390 -468 2699
1327 -365 -442 2683 1330
-350 -415 2640 1328 -363
-407 2604 1329 -397 -416
2589 1329 -427 -427 2572
1331 -430 -420 2507 1327
-401 -394 2418 1328 -346
-354 2332 1331 -279 -309
2267 1333 -217 -259 2199
1321 -177 -214 2141 1309
-159 -170 2098 1300 -145
-118 2074 1300 -110 -56
2042 1297 -55 0 2009
1295 11 41 1979 1291
78 63 1962 1291 154
58 1938 1288 244 -2
1913 1290 338 -131 1884
1292 410 -305 1865 1295
441 -469 1842 1288 425
-584 1811 1274 366 -639
1769 1257 277 -652 1737
1251 192 -641 1705 1249
142 -618 1668 1247 121
-597 1615 1237 73 -580
1571 1233 -51 -561 1536
1231 -230 -534 1502 1229
-398 -501 1444 1218 -490
-484 1385 1214 -525 -474
1338 1214 -530 -477 1317
1208 -545 -477 1282 1186
-552 -501 1231 1174 -544
-534 1184 1175 -522 -552
1193 1172 -504 -539 1221
1151 -495 -524 1227 1136
-485 -530 1210 1136 -487
-513 1261 1136 -531 -370
1366 1115 -614 -58 1447
1099 -641 320 1471 1102
-457 570 1556 1101 68
546 1732 1083 971 175
1906 1077 2211 -618 1995
1088 3726 -1941 2114 1085
5421 -3755 2331 1056 7009
-5705 2572 1046 7949 -7190
2721 1063 7701 -7696 2860
1062 6202 -7098 3080 1025
3982 -5714 3342 1011 1783
-4079 3527 1041 103 -2656
3672 1047 -883 -1648 3854
987 -1211 -1014 4078 959
-1079 -608 4252 1039 -822
-325 4380 1089 -691 -142
4506 824 -694 -72 4661
179 -699 -86 4792 -518
-664 -114 4889 -773 -635
-106 4961 -397 -634 -68
5047 320 -628 -40 5128
888 -605 -31 5196 1067
-589 -27 5231 986 -581
-23 5260 905 -577 -16
5282 921 -564 -17 5308
960 -569 -10 5311 947
-575 -9 5308 912 -582
3 5299 906 -573 17
5307 925 -561 41 5302
924 -554 56 5287 907
-548 58 5258 904 -533
55 5253 923 -505 61
5245 926 -475 77 5217
902 -455 94 5156 870
-444 109 5121 857 -429
124 5098 859 -394 140
5058 859 -343 157 4972
855 -289 176 4909 857
-242 199 4876 861 -200
222 4828 856 -156 241
4716 836 -100 255 4619
820 -22 265 4563 817
78 273 4506 819 183
283 4381 809 267 299
4260 801 328 318 4185
800 391 327 4126 801
474 320 4005 786 570
296 3878 767 666 265
3793 759 762 230 3736
761 855 192 3619 756
925 151 3467 747 961
108 3325 741 980 64
3232 741 1009 16 3149
740 1045 -38 3091 741
1065 -95 3057 743 1055
-147 3054 744 1019 -188
3040 737 956 -222 3025
729 855 -248 3003 724
715 -266 2997 725 563
-279 2987 718 436 -297
2986 703 344 -323 2981
687 263 -351 2986 681
168 -369 2981 681 62
-376 2977 685 -32 -379
2960 685 -105 -385 2952
685 -166 -393 2940 682
-223 -402 2934 677 -274
-411 2921 668 -311 -417
2918 666 -331 -418 2913
664 -335 -417 2907 656
-336 -420 2889 636 -348
-431 2880 624 -370 -446
2871 623 -385 -457 2861
626 -388 -456 2835 621
-394 -443 2818 616 -413
-430 2807 616 -435 -426
2792 615 -446 -432 2756
605 -448 -439 2730 597
-450 -438 2715 597 -453
-433 2698 597 -452 -431
2656 587 -453 -436 2621
578 -466 -439 2601 579
-490 -432 2582 578 -510
-416 2535 562 -514 -406
2492 543 -508 -403 2465
535 -505 -397 2442 539
-500 -373 2391 545 -473
-333 2338 554 -419 -283
2300 564 -359 -226 2274
563 -314 -160 2227 545
-289 -90 2181 527 -270
-26 2146 521 -251 22
2123 522 -215 61 2084
511 -149 100 2044 494
-49 134 2013 482 53
128 1993 479 136 49
1962 479 205 -107 1931
481 273 -294 1905 484
320 -454 1889 485 313
-546 1862 476 238 -572
1827 462 130 -564 1788
447 34 -556 1759 441
-20 -553 1725 440 -52
-541 1680 442 -104 -513
1622 445 -208 -484 1576
448 -358 -461 1536 442
-500 -445 1494 423 -613
-426 1433 396 -682 -432
1376 383 -732 -447 1334
383 -738 -465 1313 378
-712 -462 1281 358 -675
-467 1237 344 -657 -478
1202 344 -655 -487 1218
345 -651 -491 1248 335
-652 -507 1253 327 -665
-489 1239 328 -695 -336
1298 324 -747 -14 1412
304 -783 360 1497 288
-648 606 1525 289 -146
599 1624 288 773 262
1816 265 2001 -524 1993
242 3483 -1879 2078 237
5211 -3747 2207 241 6928
-5750 2449 233 8008 -7297
2699 222 7876 -7881 2837
222 6490 -7359 2978 223
4339 -6006 3224 208 2066
-4333 3499 189 204 -2818
3662 181 -934 -1716 3799
183 -1316 -1026 4045 178
-1209 -602 4394 168 -973
-315 4697 164 -825 -130
4919 164 -781 -53 5096
159 -785 -57 5251 151
-796 -73 5334 145 -800
-61 5366 144 -788 -34
5386 143 -763 -23 5429
144 -740 -33 5461 147
-732 -43 5479 148 -746
-33 5479 140 -755 -17
5488 125 -755 2 5493
110 -732 9 5501 103
-716 26 5492 104 -700
30 5479 107 -694 30
5459 108 -691 28 5452
108 -685 42 5434 105
-668 64 5404 98 -640
80 5356 90 -618 90
5332 88 -608 100 5305
87 -593 110 5259 77
-559 117 5177 58 -516
129 5123 47 -482 150
5084 48 -454 174 5024
43 -422 192 4910 24
-381 211 4822 7 -335
240 4768 7 -281 271
4699 10 -217 294 4558
4 -146 312 4431 -1
-74 333 4351 3 -2
357 4278 -2 76 375
4139 -25 164 382 4005
-47 258 384 3922 -50
354 379 3864 -48 454
365 3749 -59 561 337
3630 -75 668 299 3552
-78 760 260 3509 -76
833 220 3427 -84 893
173 3336 -94 944 118
3270 -96 975 62 3241
-95 979 10 3192 -103
967 -40 3141 -112 950
-91 3102 -114 921 -136
3090 -114 864 -171 3067
-122 770 -199 3045 -131
656 -229 3025 -131 535
-265 3023 -132 419 -292
3012 -142 306 -302 3004
-159 194 -304 2992 -170
84 -315 2991 -173 -16
-343 2983 -179 -96 -374
2979 -193 -157 -392 2969
-207 -210 -393 2968 -214
-261 -393 2959 -215 -304
-403 2952 -219 -335 -418
2935 -226 -357 -424 2928
-231 -373 -422 2917 -233
-381 -425 2904 -243 -381
-436 2880 -261 -382 -445
2865 -272 -399 -440 2850
-272 -430 -433 2834 -275
-458 -436 2806 -288 -468
-445 2791 -302 -466 -449
2780 -303 -468 -445 2761
-296 -480 -444 2719 -291
-493 -450 2689 -288 -498
-457 2669 -285 -501 -456
2647 -294 -508 -447 2599
-317 -515 -437 2565 -338
-516 -431 2549 -341 -517
-428 2528 -336 -528 -423
2472 -336 -544 -415 2421
-338 -541 -398 2392 -336
-503 -367 2365 -337 -444
-320 2306 -346 -397 -271
2252 -356 -372 -225 2222
-356 -353 -178 2197 -356
-321 -119 2139 -358 -285
-53 2084 -358 -257 12
2053 -351 -233 69 2028
-352 -183 123 1965 -373
-95 164 1887 -401 18
163 1823 -415 122 81
1777 -417 204 -82 1715
-415 260 -278 1653 -414
284 -441 1608 -411 255
-533 1581 -412 176 -556
1538 -419 76 -544 1483
-428 -3 -523 1427 -430
-58 -508 1390 -431 -113
-503 1348 -438 -194 -501
1297 -454 -304 -490 1234
-467 -420 -468 1187 -473
-538 -439 1152 -475 -640
-429 1126 -481 -721 -425
1086 -486 -738 -433 1050
-489 -709 -435 1031 -493
-667 -453 1051 -510 -653
-470 1070 -536 -657 -471
1074 -553 -653 -461 1080
-552 -644 -476 1159 -552
-640 -516 1276 -561 -656
-495 1364 -570 -707 -306
1418 -569 -783 52 1548
-574 -771 435 1757 -592
-500 649 1938 -609 129
575 2037 -609 1082 139
2192 -608 2316 -777 2451
-617 3843 -2300 2700 -627
5597 -4321 2835 -624 7219
-6367 2989 -628 8116 -7792
3254 -649 7803 -8150 3534
-673 6266 -7416 3695 -677
3991 -5932 3832 -674 1687
-4210 4054 -680 -77 -2699
4310 -692 -1049 -1617 4462
-694 -1303 -931 4566 -693
-1132 -497 4717 -701 -886
-215 4905 -718 -765 -55
5019 -725 -766 -2 5085
-724 -793 -5 5166 -721
-807 -8 5278 -722 -815
7 5348 -722 -818 27
5384 -723 -801 32 5415
-722 -773 28 5470 -723
-756 33 5504 -721 -738
48 5521 -721 -718 67
5524 -724 -693 67 5541
-729 -699 67 5547 -730
-705 61 5550 -731 -696
70 5536 -734 -659 80
5530 -741 -623 96 5518
-749 -607 113 5516 -754
-605 129 5497 -751 -606
137 5472 -744 -598 139
5436 -733 -582 147 5420
-727 -554 168 5392 -731
-516 200 5345 -747 -478
229 5269 -763 -453 250
5219 -773 -435 272 5174
-772 -400 302 5107 -774
-344 337 4996 -783 -285
365 4913 -792 -241 388
4857 -792 -197 416 4779
-789 -134 452 4637 -788
-58 483 4516 -790 14
502 4440 -789 85 517
4359 -792 174 534 4206
-800 286 544 4063 -810
401 538 3973 -810 498
525 3905 -809 587 507
3778 -808 684 473 3652
-810 789 416 3575 -807
873 356 3529 -809 921
309 3435 -817 943 269
3336 -827 965 217 3271
-828 987 152 3242 -829
995 89 3185 -833 974
30 3124 -844 930 -28
3084 -850 872 -83 3071
-850 797 -126 3037 -842
696 -158 2999 -834 574
-185 2968 -825 444 -213
2958 -826 320 -239 2939
-832 202 -260 2926 -843
95 -279 2915 -847 5
-301 2917 -849 -60 -322
2906 -848 -110 -336 2896
-848 -159 -341 2881 -846
-212 -343 2876 -846 -261
-350 2861 -849 -299 -361
2849 -858 -331 -370 2833
-865 -357 -378 2828 -869
-376 -386 2814 -867 -385
-392 2795 -866 -396 -394
2765 -865 -423 -394 2745
-867 -461 -393 2725 -867
-485 -392 2702 -868 -481
-392 2668 -866 -459 -399
2647 -866 -444 -413 2630
-866 -444 -423 2605 -872
-457 -423 2557 -881 -473
-418 2522 -888 -485 -419
2496 -887 -485 -425 2465
-886 -472 -425 2406 -885
-463 -411 2358 -886 -467
-386 2330 -884 -479 -365
2300 -888 -488 -357 2240
-897 -492 -356 2188 -906
-494 -345 2159 -906 -487
-314 2132 -905 -459 -267
2074 -905 -412 -221 2019
-906 -355 -173 1988 -903
-301 -112 1963 -905 -258
-34 1911 -914 -238 40
1863 -924 -233 97 1836
-924 -224 142 1816 -925
-185 189 1767 -931 -110
226 1719 -941 -12 223
1691 -944 86 150 1671
-945 174 7 1622 -944
236 -177 1567 -945 258
-343 1528 -941 226 -447
1503 -942 155 -478 1455
-948 77 -473 1396 -958
17 -469 1344 -961 -38
-474 1311 -963 -104 -479
1267 -965 -187 -479 1206
-970 -286 -470 1137 -970
-402 -449 1090 -971 -541
-416 1054 -976 -661 -402
1020 -988 -742 -400 975
-998 -752 -412 944 -1004
-733 -416 935 -1003 -712
-441 955 -1006 -708 -466
967 -1008 -707 -466 972
-1011 -698 -441 992 -1012
-687 -441 1075 -1018 -673
-475 1179 -1026 -662 -453
1257 -1031 -679 -259 1318
-1031 -729 106 1458 -1038
-712 497 1660 -1050 -458
728 1831 -1062 148 669
1936 -1061 1093 218 2107
-1061 2328 -758 2373 -1064
3850 -2360 2617 -1070 5595
-4443 2754 -1069 7228 -6533
2923 -1071 8152 -7999 3203
-1079 7840 -8391 3485 -1089
6267 -7657 3641 -1088 3962
-6129 3784 -1089 1672 -4334
4022 -1097 -61 -2750 4283
-1108 -1023 -1616 4429 -1108
-1284 -907 4532 -1108 -1106
-463 4700 -1114 -839 -165
4903 -1126 -704 13 5020
-1129 -702 70 5086 -1128
-723 52 5182 -1125 -727
35 5314 -1127 -736 49
5393 -1127 -750 66 5429
-1127 -741 60 5467 -1127
-714 51 5535 -1128 -704
65 5578 -1125 -705 90
5593 -1126 -694 103 5593
-1130 -650 93 5609 -1140
-616 101 5613 -1146 -596
116 5608 -1149 -596 136
5582 -1144 -587 138 5565
-1136 -568 143 5547 -1125
-551 156 5533 -1123 -545
179 5494 -1129 -543 201
5451 -1147 -530 218 5402
-1162 -505 232 5369 -1171
-476 249 5318 -1165 -448
272 5247 -1156 -418 298
5155 -1147 -387 323 5090
-1145 -357 348 5025 -1145
-322 376 4933 -1148 -277
407 4799 -1146 -221 439
4693 -1145 -166 470 4611
-1144 -124 500 4513 -1152
-84 528 4360 -1160 -24
554 4232 -1166 70 576
4147 -1165 185 592 4066
-1169 292 600 3925 -1176
375 598 3795 -1187 449
588 3716 -1187 534 574
3659 -1184 638 555 3552
-1181 750 528 3449 -1186
854 493 3388 -1187 939
450 3356 -1184 1001 397
3283 -1173 1042 334 3208
-1167 1064 264 3161 -1164
1072 198 3146 -1166 1071
143 3105 -1164 1057 93
3061 -1166 1021 39 3033
-1166 959 -18 3030 -1167
878 -72 3012 -1163 787
-117 2996 -1165 683 -155
2987 -1168 554 -186 2992
-1168 412 -211 2980 -1154
285 -237 2966 -1137 191
-264 2952 -1124 112 -286
2948 -1124 28 -300 2934
-1129 -57 -309 2925 -1140
-124 -319 2918 -1148 -165
-330 2919 -1151 -191 -336
2905 -1139 -213 -336 2891
-1123 -236 -339 2872 -1108
-261 -354 2860 -1105 -282
-375 2839 -1106 -289 -384
2820 -1109 -287 -377 2799
-1108 -296 -369 2787 -1108
-326 -375 2768 -1106 -358
-390 2745 -1107 -371 -403
2714 -1108 -366 -410 2696
-1111 -360 -417 2675 -1107
-361 -424 2647 -1095 -361
-427 2602 -1076 -354 -427
2569 -1066 -345 -424 2541
-1066 -346 -416 2506 -1071
-358 -403 2448 -1070 -374
-390 2404 -1069 -385 -379
2375 -1069 -387 -360 2340
-1068 -379 -330 2275 -1061
-358 -302 2219 -1061 -335
-281 2185 -1062 -325 -257
2154 -1055 -324 -214 2097
-1031 -310 -156 2051 -1011
-265 -93 2027 -1006 -206
-29 2006 -1012 -154 38
1953 -1013 -119 99 1906
-1011 -91 149 1882 -1010
-67 189 1861 -1012 -32
225 1810 -1007 33 246
1761 -1002 136 221 1737
-1001 250 124 1717 -1003
338 -35 1664 -1000 376
-210 1607 -1001 367 -346
1573 -1004 315 -419 1553
-1005 235 -443 1485 -990
149 -449 1376 -973 83
-454 1264 -961 35 -455
1192 -962 -25 -448 1135
-962 -123 -439 1077 -964
-259 -427 1016 -963 -391
-414 994 -964 -495 -391
1001 -961 -555 -382 1015
-962 -601 -377 1009 -964
-626 -387 1022 -967 -632
-396 1072 -959 -610 -420
1162 -944 -578 -435 1237
-927 -554 -429 1305 -921
-547 -411 1394 -922 -550
-419 1552 -926 -544 -431
1727 -925 -533 -350 1873
-925 -557 -99 1998 -923
-609 273 2193 -919 -544
605 2439 -909 -156 730
2650 -903 620 537 2794
-903 1694 -75 2989 -911
3011 -1232 3265 -919 4602
-2969 3520 -928 6320 -5044
3671 -928 7650 -6912 3833
-917 7963 -7967 4075 -897
6994 -7887 4318 -886 5051
-6791 4448 -885 2783 -5137
4558 -885 811 -3463 4737
-875 -503 -2139 4938 -866
-1096 -1257 5044 -865 -1146
-703 5110 -868 -932 -333
5215 -865 -710 -90 5348
-866 -604 25 5412 -870
-611 39 5439 -868 -658
18 5486 -849 -690 11
5565 -832 -693 21 5605
-827 -672 33 5615 -829
-641 39 5622 -821 -618
45 5656 -812 -613 54
5668 -809 -600 55 5665
-810 -574 55 5653 -803
-534 54 5667 -794 -523
74 5677 -790 -532 93
5678 -791 -549 116 5651
-785 -545 131 5636 -777
-519 146 5620 -771 -487
153 5606 -771 -466 156
5562 -767 -458 165 5521
-760 -444 181 5484 -752
-409 193 5458 -750 -361
197 5402 -750 -325 210
5328 -752 -316 242 5244
-752 -316 282 5184 -753
-296 305 5109 -749 -246
312 5011 -744 -186 324
4889 -735 -133 353 4798
-730 -81 385 4715 -730
-12 403 4611 -733 72
411 4464 -733 150 428
4345 -732 214 460 4258
-731 286 489 4168 -732
384 498 4028 -731 495
490 3907 -733 599 478
3830 -733 693 465 3767
-730 795 443 3653 -723
906 408 3548 -724 1003
365 3485 -726 1066 318
3448 -717 1103 269 3368
-693 1129 216 3288 -674
1154 159 3239 -671 1164
100 3220 -675 1151 41
3174 -673 1114 -15 3130
-674 1054 -64 3105 -678
965 -106 3104 -675 853
-139 3080 -653 735 -166
3058 -630 627 -192 3046
-622 527 -222 3048 -626
431 -252 3029 -625 342
-276 3012 -625 262 -291
3001 -629 175 -301 3000
-629 68 -314 2976 -614
-45 -332 2950 -596 -135
-345 2924 -587 -187 -349
2910 -587 -213 -344 2885
-585 -231 -337 2867 -586
-250 -337 2856 -591 -261
-344 2852 -593 -260 -354
2832 -578 -248 -363 2809
-553 -237 -369 2783 -532
-235 -373 2767 -525 -248
-377 2740 -527 -273 -384
2709 -531 -298 -391 2675
-532 -308 -397 2653 -531
-302 -399 2624 -527 -299
-398 2586 -521 -317 -395
2534 -514 -347 -392 2496
-512 -367 -390 2462 -509
-362 -387 2423 -499 -346
-379 2366 -480 -337 -371
2323 -469 -341 -363 2292
-469 -345 -357 2258 -473
-340 -347 2200 -472 -324
-332 2151 -473 -300 -305
2121 -474 -268 -269 2093
-466 -229 -225 2040 -445
-194 -180 1996 -432 -172
-130 1971 -436 -159 -71
1948 -434 -140 -4 1901
-419 -110 58 1862 -411
-63 107 1843 -418 2
144 1826 -418 88 173
1777 -405 183 175 1731
-409 277 118 1706 -427
359 -15 1685 -421 421
-192 1632 -389 447 -355
1576 -387 429 -459 1539
-417 365 -506 1517 -409
280 -519 1466 -356 197
-514 1402 -363 135 -504
1349 -458 87 -496 1323
-441 24 -493 1284 -55
-73 -488 1225 645 -208
-465 1161 1233 -344 -434
1135 1267 -460 -403 1125
728 -522 -402 1107 25
-550 -411 1068 -405 -539
-429 1062 -471 -511 -443
1096 -381 -480 -469 1150
-346 -461 -485 1183 -382
-454 -476 1226 -408 -448
-459 1307 -392 -449 -459
1437 -376 -465 -421 1556
-387 -501 -237 1659 -404
-546 114 1775 -403 -529
480 1957 -397 -292 667
2158 -404 322 565 2327
-419 1329 117 2465 -421
2630 -793 2667 -418 4175
-2279 2921 -424 5897 -4232
3146 -437 7443 -6189 3296
-440 8158 -7514 3481 -433
7566 -7764 3739 -430 5809
-6948 3982 -433 3533 -5458
4122 -433 1413 -3817 4259
-440 -128 -2429 4463 -457
-942 -1469 4675 -475 -1118
-881 4787 -477 -941 -500
4870 -469 -706 -219 5004
-459 -562 -49 5161 -453
-506 -7 5241 -450 -504
-33 5282 -454 -529 -40
5350 -462 -555 -8 5447
-472 -558 15 5494 -473
-545 10 5507 -472 -541
1 5528 -472 -540 11
5581 -473 -530 35 5608
-471 -495 46 5607 -471
-472 51 5596 -473 -467
44 5618 -473 -488 50
5634 -468 -488 56 5630
-470 -464 69 5590 -483
-433 78 5565 -501 -423
85 5546 -512 -426 87
5520 -513 -415 91 5452
-508 -385 102 5390 -499
-357 125 5341 -488 -338
151 5301 -486 -318 169
5219 -497 -280 174 5125
-516 -228 180 5035 -528
-180 199 4968 -531 -148
231 4873 -532 -118 262
4755 -538 -66 282 4624
-546 20 294 4525 -552
114 304 4427 -550 186
311 4315 -548 232 319
4178 -548 282 334 4073
-549 366 353 3988 -550
481 363 3897 -555 596
354 3766 -563 689 331
3658 -571 770 309 3584
-570 856 287 3526 -567
957 260 3434 -566 1058
222 3355 -569 1145 176
3307 -570 1213 122 3282
-568 1265 68 3225 -566
1300 20 3171 -569 1309
-19 3139 -571 1286 -57
3130 -566 1244 -97 3097
-555 1191 -138 3066 -549
1119 -171 3048 -548 1012
-198 3048 -550 882 -221
3031 -547 767 -241 3018
-549 683 -257 3011 -552
598 -269 3016 -550 483
-284 3000 -538 349 -305
2986 -531 233 -330 2974
-531 152 -354 2971 -531
90 -368 2952 -521 40
-369 2938 -513 -3 -360
2927 -512 -38 -351 2923
-512 -68 -348 2904 -503
-89 -356 2890 -494 -100
-368 2880 -494 -108 -377
2875 -494 -128 -381 2855
-482 -159 -383 2837 -464
-186 -383 2820 -454 -192
-384 2810 -452 -179 -385
2784 -448 -165 -393 2758
-441 -169 -405 2733 -436
-191 -414 2717 -434 -212
-419 2690 -429 -213 -423
2656 -422 -202 -427 2615
-418 -198 -423 2586 -417
-214 -405 2553 -410 -237
-380 2515 -391 -250 -365
2470 -365 -248 -370 2439
-351 -249 -379 2409 -352
-259 -376 2369 -359 -268
-350 2308 -359 -253 -310
2258 -357 -212 -268 2221
-356 -163 -232 2187 -349
-127 -193 2133 -335 -102
-141 2092 -327 -71 -75
2066 -326 -28 -9 2042
-322 20 45 1996 -304
63 84 1958 -286 106
117 1938 -284 165 145
1920 -291 249 147 1876
-291 348 87 1837 -288
448 -49 1816 -287 530
-238 1800 -290 575 -414
1757 -289 565 -522 1717
-289 498 -556 1694 -291
398 -553 1679 -289 304
-544 1631 -274 237 -528
1568 -254 189 -503 1517
-245 129 -479 1492 -249
33 -464 1452 -258 -87
-445 1391 -267 -218 -414
1327 -271 -326 -402 1307
-271 -413 -408 1298 -265
-451 -431 1267 -256 -460
-436 1208 -248 -448 -443
1196 -248 -434 -451 1242
-255 -416 -458 1310 -264
-396 -459 1348 -270 -381
-474 1409 -271 -377 -498
1526 -270 -392 -458 1687
-269 -446 -266 1819 -269
-527 74 1941 -270 -521
428 2093 -270 -253 619
2304 -270 378 539 2508
-269 1347 124 2680 -269
2603 -733 2840 -270 4144
-2149 3057 -271 5878 -4035
3299 -269 7430 -5954 3508
-268 8191 -7285 3660 -269
7693 -7585 3842 -276 5998
-6832 4066 -285 3699 -5392
4270 -291 1530 -3784 4394
-290 -36 -2427 4517 -288
-869 -1488 4683 -288 -1082
-904 4848 -290 -918 -526
4934 -290 -668 -263 5001
-289 -524 -103 5103 -288
-499 -48 5223 -289 -512
-55 5279 -290 -521 -63
5305 -289 -527 -44 5348
-288 -518 -16 5416 -289
-484 -7 5444 -290 -447
-12 5447 -288 -441 -6
5452 -279 -444 8 5484
-271 -437 21 5496 -267
-412 13 5490 -269 -409
10 5472 -272 -408 9
5481 -270 -401 21 5487
-266 -369 25 5478 -269
-335 27 5442 -277 -313
31 5426 -286 -303 44
5417 -289 -303 60 5399
-289 -303 70 5344 -292
