2245 2265 2283 2284 2283
2292 2359 2526 2853 3376
4109 4997 5935 6752 7266
7296 6772 5794 4641 3602
2853 2391 2130 1960 1826
1710 1636 1603 1598 1584
1560 1522 1484 1437 1408
1392 1408 1422 1446 1470
1522 1582 1636 1651 1636
1609 1598 1596 1598 1593
1598 1602 1598 1584 1598
1646 1712 1759 1788 1788
1750 1671 1598 1560 1560
1568 1598 1660 1750 1823
1864 1890 1940 2004 2054
2062 2054 2050 2054 2043
2016 1967 1902 1830 1788
1780 1788 1783 1788 1813
1864 1900 1940 1983 2054
2128 2207 2262 2283 2254
2207 2158 2130 2152 2283
2548 2967 3585 4451 5465
6391 7014 7266 7105 6468
5407 4223 3251 2625 2250
2016 1858 1750 1660 1598
1568 1560 1542 1522 1489
1446 1378 1332 1314 1332
1335 1332 1322 1332 1338
1332 1307 1294 1290 1294
1297 1332 1400 1484 1547
1598 1641 1674 1679 1674
1670 1674 1671 1674 1687
1712 1729 1750 1790 1864
1947 2016 2058 2092 2119
2130 2113 2092 2084 2092
2095 2092 2077 2054 2013
1978 1961 1978 1997 2016
2014 2016 2013 2016 2013
2016 2017 2016 1997 1978
1988 2092 2339 2777 3421
4261 5219 6163 6906 7266
7096 6391 5329 4223 3319
2701 2303 2054 1894 1788
1702 1636 1579 1522 1453
1408 1396 1408 1405 1408
1407 1408 1372 1332 1299
1294 1292 1294 1291 1294
1301 1332 1373 1408 1413
1408 1404 1408 1405 1408
1410 1408 1397 1408 1442
1484 1505 1522 1540 1560
1570 1598 1651 1712 1751
1788 1849 1940 2015 2054
2068 2092 2119 2130 2121
2130 2157 2169 2131 2092
2079 2092 2088 2092 2106
2130 2131 2130 2143 2169
2164 2130 2102 2130 2223
2397 2704 3234 3985 4870
5760 6544 7031 7000 6364
5326 4224 3310 2645 2207
1929 1750 1604 1484 1391
1332 1285 1255 1232 1217
1203 1217 1249 1294 1323
1370 1425 1484 1511 1522
1522 1522 1515 1522 1539
1560 1571 1598 1649 1712
1747 1750 1720 1674 1622
1598 1607 1636 1656 1674
1691 1712 1725 1750 1797
1864 1916 1940 1938 1940
1952 1978 2000 2016 2020
2016 1988 1940 1887 1864
1873 1902 1934 1978 2014
2016 1964 1902 1864 1864
1876 1902 1938 1978 2000
2016 2033 2054 2048 2016
1969 1940 1931 1940 1952
1978 2010 2054 2089 2130
2166 2207 2227 2245 2259
2283 2291 2283 2248 2207
2180 2207 2281 2435 2767
3386 4196 4984 5651 6239
6581 6315 5358 4185 3334
2891 2604 2359 2202 2130
2043 1940 1879 1864 1833
1788 1758 1750 1720 1674
1613 1560 1495 1446 1412
1408 1406 1408 1403 1408
1420 1446 1467 1484 1495
1522 1557 1598 1630 1674
1727 1788 1842 1902 1953
1978 1965 1940 1908 1864
1817 1826 1907 2016 2086
2130 2181 2245 2281 2283
2263 2245 2223 2207 2197
2207 2223 2245 2252 2245
2222 2207 2191 2169 2128
2092 2057 2016 1964 1940
1962 2016 2052 2054 2021
1978 1937 1940 1982 2054
2103 2130 2130 2130 2125
2130 2151 2207 2274 2321
2322 2321 2371 2549 2935
3576 4355 5098 5742 6315
6623 6315 5322 4109 3199
2701 2386 2130 1967 1902
1829 1712 1593 1522 1477
1446 1427 1446 1481 1522
1530 1522 1496 1484 1474
1484 1501 1522 1525 1522
1515 1522 1535 1560 1581
1598 1608 1636 1685 1750
1798 1826 1841 1864 1876
1864 1823 1788 1776 1788
1801 1826 1871 1940 2005
2054 2078 2092 2094 2092
2086 2092 2108 2130 2137
2130 2109 2092 2073 2054
2028 2016 2008 2016 2023
2054 2091 2130 2148 2169
2189 2207 2204 2207 2208
2207 2236 2397 2730 3234
3938 4908 6013 6924 7350
7266 6751 5859 4707 3614
2864 2473 2244 2054 1896
1788 1692 1598 1510 1446
1405 1408 1440 1484 1504
1522 1516 1484 1404 1332
1302 1332 1375 1408 1423
1446 1469 1484 1480 1484
1500 1522 1526 1522 1507
1484 1452 1446 1473 1522
1560 1598 1636 1674 1704
1750 1811 1864 1874 1864
1878 1940 2010 2054 2068
2092 2123 2130 2094 2054
2042 2054 2055 2054 2066
2092 2100 2092 2084 2092
2097 2092 2069 2054 2045
2054 2054 2054 2034 2016
2002 2016 2049 2092 2117
2130 2148 2207 2309 2473
2731 3158 3779 4565 5416
6201 6727 6810 6362 5516
4539 3690 3071 2663 2389
2207 2077 1978 1889 1826
1785 1750 1694 1636 1587
1560 1530 1522 1528 1560
1580 1598 1601 1598 1577
1560 1551 1560 1574 1598
1619 1636 1637 1636 1624
1598 1553 1522 1513 1522
1521 1522 1532 1560 1582
1598 1608 1636 1683 1750
1813 1864 1899 1940 1982
2016 2032 2054 2088 2130
2166 2207 2249 2283 2287
2283 2279 2283 2266 2245
2216 2207 2188 2169 2139
2130 2140 2169 2191 2207
2207 2207 2225 2321 2538
2929 3534 4375 5364 6315
7000 7266 7029 6315 5276
4185 3272 2625 2190 1902
1702 1560 1445 1370 1335
1332 1329 1332 1331 1332
1311 1294 1280 1294 1307
1332 1360 1408 1452 1484
1498 1522 1558 1598 1619
1636 1664 1712 1747 1750
1715 1674 1634 1598 1554
1522 1509 1522 1549 1598
1657 1712 1739 1750 1760
1788 1823 1864 1902 1940
1975 2016 2046 2054 2036
2016 1998 1978 1949 1940
1956 1978 1969 1940 1911
1902 1898 1902 1913 1940
1962 1978 1989 2016 2054
2092 2112 2130 2158 2207
2252 2283 2287 2283 2276
2283 2285 2283 2274 2283
2294 2283 2217 2130 2052
2016 1992 1978 1954 1940
1933 1940 1941 1940 1934
1940 1963 2016 2086 2207
2465 2967 3672 4451 5208
5897 6306 6125 5287 4185
3294 2777 2481 2283 2157
2092 2024 1940 1858 1788
1709 1636 1583 1560 1548
1560 1577 1598 1605 1636
1687 1750 1785 1788 1748
1674 1582 1522 1507 1522
1525 1522 1517 1522 1531
1560 1591 1598 1561 1522
1509 1522 1522 1522 1541
1598 1660 1712 1747 1788
1848 1940 2040 2130 2194
2245 2276 2283 2260 2245
2252 2283 2316 2359 2394
2397 2338 2245 2150 2092
2069 2092 2129 2169 2183
2207 2231 2245 2216 2169
2123 2092 2052 2016 2020
2130 2393 2853 3519 4375
5333 6239 6862 7000 6564
5669 4555 3500 2683 2169
1891 1750 1657 1598 1566
1560 1556 1560 1571 1598
1629 1674 1706 1712 1661
1598 1542 1522 1515 1522
1535 1560 1581 1598 1601
1598 1581 1560 1535 1522
1517 1522 1522 1522 1519
1522 1521 1522 1517 1522
1544 1598 1660 1712 1745
1788 1835 1864 1860 1864
1896 1940 1962 1978 1998
2016 2012 2016 2046 2092
2117 2130 2156 2207 2242
2245 2218 2207 2220 2245
2240 2207 2158 2130 2122
2130 2132 2130 2126 2130
2121 2092 2044 2016 2011
2016 2000 1978 1967 1978
1983 1978 1968 1978 1997
2016 2016 2016 2022 2054
2089 2130 2144 2130 2077
2016 1964 1940 1932 1940
1954 1978 2012 2092 2271
2625 3189 3957 4836 5669
6225 6315 5876 5060 4123
3310 2724 2359 2132 1978
1852 1750 1663 1598 1547
1522 1512 1522 1545 1598
1647 1674 1654 1636 1628
1636 1632 1636 1653 1674
1664 1636 1616 1636 1674
1712 1731 1750 1768 1788
1792 1788 1771 1750 1723
1712 1720 1750 1784 1826
1867 1902 1910 1902 1902
1940 2000 2054 2078 2092
2109 2130 2134 2130 2125
2130 2129 2130 2125 2130
2126 2130 2126 2130 2129
2130 2117 2092 2058 2054
2100 2207 2348 2549 2884
3462 4294 5288 6275 7076
7467 7266 6465 5326 4195
3310 2712 2359 2165 2054
1957 1864 1780 1712 1636
1560 1509 1522 1566 1598
1568 1522 1485 1484 1481
1484 1493 1522 1547 1560
1547 1522 1494 1484 1483
1484 1477 1484 1502 1522
1524 1522 1519 1522 1518
1522 1525 1522 1499 1484
1491 1522 1554 1598 1662
1750 1823 1864 1877 1902
1950 2016 2077 2130 2151
2130 2055 1978 1921 1902
1881 1864 1852 1864 1872
1864 1846 1864 1924 2016
2147 2397 2835 3500 4382
5440 6494 7266 7533 7266
6548 5516 4379 3424 2809
2473 2241 2054 1929 1864
1797 1712 1626 1560 1497
1446 1410 1408 1406 1408
1397 1408 1424 1446 1448
1446 1442 1446 1443 1446
1447 1446 1427 1408 1388
1370 1343 1332 1341 1370
1392 1408 1410 1408 1399
1408 1436 1484 1532 1598
1693 1826 1957 2054 2102
2130 2161 2207 2239 2245
2214 2169 2121 2092 2082
2092 2109 2130 2147 2169
2189 2207 2199 2169 2122
2092 2083 2092 2096 2092
2074 2054 2030 2016 2010
2016 2007 1978 1943 1940
1951 1940 1890 1864 1889
1940 1954 1940 1930 1940
1942 1940 1946 1978 2017
2054 2074 2092 2117 2169
2230 2283 2295 2283 2244
2207 2169 2169 2195 2245
2273 2283 2278 2283 2286
2283 2260 2245 2260 2359
2587 3005 3624 4413 5272
6049 6513 6468 5866 4908
3897 3082 2521 2169 1939
1788 1678 1598 1540 1522
1533 1560 1576 1598 1620
1636 1618 1598 1584 1598
1611 1636 1659 1674 1658
1636 1623 1636 1664 1712
1758 1788 1789 1788 1789
1788 1777 1788 1826 1864
1859 1826 1795 1788 1785
1788 1798 1826 1851 1864
1859 1864 1889 1940 1996
2054 2099 2130 2136 2130
2122 2130 2147 2169 2175
2169 2147 2130 2121 2130
2144 2169 2199 2245 2277
2283 2269 2283 2323 2359
2359 2359 2377 2397 2373
2321 2271 2245 2212 2169
2120 2092 2083 2092 2097
2092 2070 2054 2038 2016
1976 1940 1904 1864 1803
1750 1717 1712 1717 1750
1812 1902 1984 2054 2086
2092 2067 2054 2051 2054
2045 2054 2086 2130 2164
2207 2268 2359 2499 2777
3269 3995 4878 5783 6490
6772 6494 5745 4766 3842
3142 2701 2426 2207 1983
1788 1657 1598 1569 1560
1568 1598 1613 1598 1552
1522 1501 1484 1439 1408
1407 1446 1486 1522 1545
1560 1558 1560 1572 1598
1617 1636 1654 1674 1678
1674 1665 1674 1701 1750
1798 1826 1806 1750 1679
1636 1634 1674 1728 1788
1842 1902 1959 2016 2069
2130 2193 2245 2249 2207
2137 2092 2081 2092 2095
2092 2088 2092 2091 2092
2100 2130 2167 2207 2241
2283 2313 2321 2299 2283
2280 2283 2254 2207 2157
2130 2109 2092 2080 2092
2115 2130 2118 2092 2056
2016 1967 1940 1944 1978
2015 2054 2083 2092 2063
2016 1970 1940 1915 1902
1895 1902 1913 1940 1976
2016 2030 2016 1976 1940
1922 1940 1974 2016 2038
2054 2042 2016 1981 1978
1997 2016 2012 2016 2036
2054 2043 2054 2162 2435
2898 3576 4433 5364 6164
6620 6569 6011 5116 4185
3454 3005 2742 2549 2363
2207 2092 2016 1961 1940
1941 1940 1905 1864 1833
1826 1806 1788 1775 1788
1794 1788 1764 1750 1744
1750 1750 1750 1738 1712
1667 1636 1636 1674 1715
1750 1769 1788 1806 1826
1832 1826 1815 1826 1848
1864 1858 1864 1904 1978
2046 2092 2112 2130 2157
2207 2254 2283 2282 2283
2284 2283 2271 2283 2311
2321 2273 2207 2163 2169
2196 2245 2280 2283 2216
2130 2062 2054 2081 2130
2174 2207 2212 2207 2196
2207 2257 2397 2666 3120
3780 4641 5600 6468 6995
7000 6432 5440 4300 3310
2627 2245 2026 1864 1712
1598 1534 1522 1532 1560
1583 1598 1591 1598 1633
1712 1783 1826 1815 1788
1759 1750 1746 1750 1759
1788 1826 1864 1878 1864
1816 1750 1690 1674 1702
1750 1779 1788 1774 1750
1720 1712 1725 1750 1765
1788 1823 1864 1877 1864
1837 1826 1822 1826 1833
1864 1906 1940 1944 1940
1947 1978 2004 2016 2012
2016 2016 2016 2004 2016
2045 2092 2117 2130 2131
2130 2124 2130 2135 2130
2150 2283 2553 2967 3603
4565 5707 6658 7160 7266
7041 6391 5311 4147 3272
2739 2346 2016 1793 1674
1565 1446 1349 1294 1246
1217 1207 1217 1232 1294
1387 1484 1530 1560 1584
1598 1567 1522 1500 1522
1558 1598 1634 1674 1701
1712 1697 1674 1658 1674
1712 1750 1751 1712 1649
1598 1556 1522 1498 1522
1591 1674 1733 1788 1847
1902 1928 1940 1945 1940
1914 1902 1917 1940 1919
1864 1819 1826 1853 1864
1853 1864 1902 1940 1940
1940 1961 2016 2057 2092
2112 2130 2129 2130 2141
2169 2188 2207 2240 2321
2451 2663 3025 3614 4394
5250 6079 6810 7244 7114
6329 5174 4062 3234 2665
2283 2039 1902 1794 1674
1553 1484 1469 1484 1484
1484 1493 1522 1530 1522
1493 1484 1487 1522 1571
1636 1697 1750 1770 1750
1692 1636 1602 1598 1599
1598 1593 1598 1600 1598
1588 1598 1629 1674 1701
1712 1721 1750 1779 1788
1767 1750 1744 1750 1757
1788 1832 1864 1861 1864
1895 1940 1952 1940 1929
1940 1956 1978 1998 2016
2018 2016 2014 2016 2011
2016 2040 2092 2141 2169
2168 2169 2169 2169 2146
2130 2122 2130 2127 2130
2141 2169 2180 2169 2131
2092 2060 2054 2088 2207
2456 2891 3518 4299 5128
5859 6291 6277 5790 4984
4088 3310 2733 2359 2116
1940 1779 1636 1529 1484
1476 1484 1491 1522 1562
1598 1599 1598 1596 1598
1574 1560 1578 1636 1678
1674 1630 1598 1589 1598
1608 1636 1667 1674 1637
1598 1585 1598 1599 1598
1608 1636 1646 1636 1621
1636 1670 1712 1744 1788
1853 1940 2023 2092 2128
2130 2106 2092 2093 2092
2069 2054 2063 2092 2113
2130 2149 2169 2160 2130
2097 2092 2105 2130 2159
2207 2253 2283 2293 2321
2357 2359 2280 2169 2094
2092 2107 2092 2045 2016
2012 2016 2007 2016 2051
2092 2091 2054 2006 1978
1966 1978 2007 2054 2081
2092 2094 2130 2174 2207
2202 2207 2227 2245 2216
2169 2134 2130 2133 2169
2293 2587 3089 3804 4666
5554 6282 6658 6529 5897
4938 3957 3186 2701 2418
2245 2124 2054 2002 1940
1857 1788 1733 1674 1590
1522 1487 1484 1464 1446
1434 1446 1456 1484 1530
1598 1658 1712 1753 1788
1807 1826 1844 1864 1867
1864 1859 1864 1866 1864
1857 1864 1880 1902 1917
1940 1973 2016 2052 2092
2141 2207 2268 2321 2348
2359 2355 2359 2360 2359
2350 2359 2369 2359 2306
2245 2186 2130 2063 2016
2003 2016 2015 2016 2023
2054 2071 2092 2117 2169
2215 2245 2246 2245 2231
2207 2177 2207 2352 2663
3162 3881 4789 5783 6674
7266 7377 6924 5985 4832
3782 3044 2609 2359 2172
2016 1888 1788 1690 1598
1523 1484 1450 1408 1354
1332 1327 1332 1318 1332
1367 1408 1412 1408 1417
1446 1463 1484 1516 1560
1585 1598 1608 1636 1671
1712 1740 1750 1743 1750
1780 1826 1856 1864 1849
1826 1799 1788 1806 1864
1941 2016 2065 2092 2097
2092 2085 2092 2101 2092
2042 1978 1936 1940 1953
1940 1895 1864 1859 1864
1857 1864 1896 1940 1962
1978 1998 2016 2002 1978
1973 2016 2073 2130 2155
2169 2163 2169 2178 2207
2252 2321 2367 2359 2303
3996 3986 3996 4017 4060
4039 3867 3483 2964 2389
1869 1536 1611 2194 3222
4474 5736 6746 7282 7235
6767 6131 5542 5055 4705
4484 4382 4318 4253 4175
4125 4093 4060 3994 3931
3905 3931 3946 3931 3883
3867 3865 3867 3831 3802
3790 3802 3800 3802 3801
3802 3773 3738 3699 3673
3638 3609 3575 3544 3501
3480 3490 3544 3591 3609
3580 3544 3505 3480 3460
3480 3531 3609 3674 3738
3780 3802 3794 3802 3829
3867 3888 3931 3995 4060
4072 4060 4050 4060 4062
4060 4056 4060 4053 4060
4060 4060 4044 4060 4074
4060 4011 3996 3933 3673
3148 2513 1879 1289 879
1031 1966 3480 5051 6316
7116 7411 7178 6573 5859
5285 4896 4640 4423 4253
4148 4125 4126 4125 4096
4060 4021 3996 3966 3931
3883 3867 3863 3867 3851
3867 3901 3931 3907 3867
3830 3802 3741 3673 3621
3609 3586 3544 3492 3480
3484 3480 3440 3416 3412
3416 3383 3351 3338 3351
3346 3351 3390 3480 3560
3609 3626 3673 3757 3867
3945 3996 4023 4060 4094
4125 4133 4125 4093 4060
4037 4060 4094 4125 4119
4125 4128 4125 4092 4060
3955 3673 3170 2578 1994
1482 1151 1289 2062 3351
4786 6058 6915 7218 6959
6380 5747 5220 4801 4511
4339 4253 4179 4125 4104
4125 4135 4125 4089 4060
4044 4060 4069 4060 4016
3996 3992 3996 3962 3931
3918 3931 3913 3867 3812
3802 3809 3802 3743 3673
3619 3609 3606 3609 3602
3609 3610 3609 3582 3544
3481 3416 3356 3351 3395
3480 3553 3609 3638 3673
3721 3802 3880 3931 3932
3931 3949 3996 4034 4060
4065 4060 4046 4060 4088
4125 4126 4125 4116 4125
4120 4125 4115 4060 3846
3416 2773 2062 1441 1096
1172 1804 2961 4447 5905
7025 7578 7540 7028 6316
5640 5156 4859 4705 4600
4511 4424 4382 4360 4318
4221 4125 4071 4060 4033
3996 3967 3996 4035 4060
4033 3996 3955 3931 3896
3867 3831 3802 3763 3738
3707 3673 3626 3609 3611
3609 3552 3480 3424 3416
3414 3416 3408 3416 3415
3416 3422 3480 3572 3673
3739 3802 3883 3996 4081
4125 4121 4125 4143 4189
4227 4253 4253 4253 4248
4253 4249 4253 4250 4253
4248 4253 4252 4253 4245
4253 4256 4253 4236 4253
4289 4318 4291 4253 4237
4253 4240 4189 4129 4125
4155 4189 4183 4189 4213
4253 4255 4253 4270 4318
4296 4125 3744 3222 2655
2191 1934 1998 2426 3222
4246 5285 6066 6445 6408
6122 5746 5413 5145 4962
4839 4769 4704 4640 4566
4511 4470 4447 4416 4382
4342 4318 4285 4253 4225
4253 4299 4318 4262 4189
4120 4060 3978 3931 3939
3996 4032 4060 4087 4125
4131 4125 4114 4125 4111
4060 3960 3867 3806 3802
3808 3802 3765 3738 3725
3738 3738 3738 3747 3802
3871 3931 3958 3996 4033
4060 4051 4060 4090 4125
4121 4125 4151 4189 4173
4125 4074 4060 4052 4060
4078 4125 4165 4189 4168
4125 4093 4125 4193 4253
4276 4318 4366 4382 4299
4189 4114 4125 4178 4253
4249 4060 3601 2964 2291
1740 1404 1418 1867 2771
3970 5220 6199 6702 6683
6316 5792 5285 4874 4640
4563 4576 4563 4511 4436
4382 4340 4318 4310 4318
4302 4253 4174 4125 4107
4125 4126 4125 4115 4125
4127 4125 4079 3996 3881
3802 3776 3802 3813 3802
3782 3802 3822 3802 3725
3673 3663 3673 3660 3673
3713 3738 3681 3609 3579
3609 3635 3673 3745 3867
3977 4060 4099 4125 4143
4189 4233 4253 4223 4189
4175 4189 4190 4189 4200
4253 4300 4318 4280 4253
4260 4318 4366 4382 4325
4189 3911 3480 2925 2384
1970 1804 1988 2642 3719
5027 6267 7218 7672 7540
6910 6122 5461 5027 4740
4576 4495 4447 4352 4253
4196 4189 4184 4189 4195
4189 4147 4125 4122 4125
4084 4060 4059 4060 4001
3931 3901 3931 3950 3931
3868 3802 3730 3673 3627
3609 3582 3544 3493 3480
3488 3480 3397 3287 3210
3222 3262 3287 3290 3351
3469 3609 3709 3802 3900
3996 4039 4060 4083 4125
4133 4125 4129 4189 4246
4253 4206 4189 4218 4253
4228 4189 4194 4253 4284
4253 4176 4125 4104 4125
4147 4189 4221 4253 4257
4253 4217 4125 3886 3480
2949 2449 2110 2062 2388
3158 4279 5542 6669 7476
7806 7605 6945 6122 5415
4962 4689 4511 4363 4253
4167 4125 4111 4125 4128
4125 4114 4125 4129 4125
4085 4060 4047 4060 4058
4060 4057 4060 4034 3996
3950 3931 3925 3931 3909
3867 3814 3802 3807 3802
3759 3738 3755 3802 3813
3802 3788 3802 3807 3802
3785 3802 3851 3931 4000
4060 4093 4125 4149 4189
4224 4253 4254 4253 4248
4253 4250 4253 4254 4253
4226 4189 4142 4125 4115
4125 4120 4125 4118 4125
4129 4125 4017 3738 3258
2707 2236 1998 2044 2449
3253 4447 5797 6960 7608
7669 7246 6573 5858 5285
4891 4640 4448 4318 4236
4189 4139 4125 4149 4189
4193 4189 4188 4189 4153
4125 4112 4125 4100 4060
4015 3996 3967 3931 3885
3867 3863 3867 3840 3802
3757 3738 3730 3738 3717
3673 3618 3609 3620 3609
3539 3480 3463 3480 3474
3480 3522 3609 3680 3738
3789 3867 3937 3996 4026
4060 4090 4125 4131 4125
4109 4125 4152 4189 4213
4253 4291 4318 4312 4318
4342 4382 4392 4382 4351
4318 4274 4253 4248 4253
4226 4189 4147 4125 4090
4060 4039 4060 4076 4060
4008 3996 4026 4060 4053
4060 4092 4125 4111 4125
4183 4253 4256 4253 4297
4382 4388 4253 3939 3480
2931 2449 2165 2191 2558
3287 4264 5285 6063 6445
6398 6058 5585 5156 4838
4640 4494 4382 4291 4253
4246 4253 4230 4189 4142
4125 4121 4125 4098 4060
4012 3996 3989 3996 3989
3996 3998 3996 3963 3931
3896 3867 3823 3802 3814
3867 3908 3931 3927 3931
3932 3931 3901 3867 3828
3802 3768 3738 3699 3673
3657 3673 3684 3673 3646
3673 3743 3802 3798 3802
3852 3931 3970 3996 4025
4060 4062 4060 4063 4060
4023 3996 3993 3996 3957
3931 3943 3996 4011 3996
3956 3931 3903 3867 3748
3480 3015 2449 1921 1611
1641 2127 3056 4318 5649
6767 7388 7411 6949 6316
5735 5285 4913 4640 4469
4382 4309 4253 4213 4189
4151 4125 4119 4125 4096
4060 4037 4060 4071 4060
4016 3996 3992 3996 3966
3931 3895 3867 3809 3738
3659 3609 3570 3544 3507
3480 3460 3480 3531 3609
3642 3609 3525 3480 3475
3480 3458 3480 3563 3673
3739 3802 3907 4060 4179
4253 4306 4382 4438 4447
4405 4382 4383 4382 4326
4253 4200 4189 4166 4125
4072 4060 4080 4125 4138
4125 4100 4125 4167 4189
4155 4125 4115 4125 4113
4125 4172 4253 4299 4318
4334 4382 4406 4382 4324
4318 4357 4382 4329 4253
4221 4253 4286 4318 4343
4382 4391 4382 4347 4318
4287 4253 4115 3802 3312
2771 2233 1740 1414 1547
2256 3351 4422 5220 5665
5800 5655 5349 4996 4705
4490 4382 4355 4382 4393
4382 4343 4318 4326 4382
4420 4382 4271 4189 4170
4189 4180 4189 4222 4253
4205 4125 4081 4125 4196
4253 4263 4253 4220 4189
4150 4125 4091 4060 4020
3996 3965 3931 3884 3867
3850 3802 3696 3609 3582
3609 3615 3609 3615 3673
3741 3802 3834 3867 3895
3931 3959 3996 4029 4060
4060 4060 4069 4125 4173
4189 4130 4060 4040 4125
4218 4189 3929 3480 2919
2384 2043 2127 2732 3802
5132 6509 7626 8185 8028
7347 6484 5736 5167 4769
4490 4318 4185 4060 3933
3867 3874 3931 3974 3996
3980 3931 3847 3802 3812
3867 3882 3867 3828 3802
3768 3738 3701 3673 3637
3609 3575 3544 3505 3480
3452 3416 3345 3287 3278
3351 3439 3480 3431 3351
3289 3287 3308 3351 3402
3480 3552 3609 3635 3673
3728 3802 3867 3931 3993
4060 4102 4125 4121 4125
4118 4125 4119 4125 4119
4125 4126 4125 4041 3802
3349 2771 2230 1933 1987
2449 3302 4511 5905 7218
8105 8378 8046 7347 6530
5800 5226 4833 4567 4382
4228 4125 4071 4060 4038
3996 3928 3867 3814 3802
3818 3867 3903 3931 3912
3867 3810 3802 3814 3802
3732 3673 3658 3673 3651
3609 3566 3544 3509 3480
3465 3480 3483 3480 3469
3480 3484 3480 3461 3480
3534 3609 3648 3673 3711
3802 3907 3996 4035 4060
4083 4125 4141 4125 4079
4060 4058 4060 4045 4060
4096 4125 4097 4060 4044
4060 4061 4060 4055 4060
4051 4060 4085 4125 4131
4125 4111 4125 4146 4189
4223 4253 4273 4318 4361
4382 4366 4382 4440 4511
4526 4511 4496 4511 4514
4511 4501 4511 4514 4511
4482 4447 4404 4382 4374
4382 4380 4382 4375 4382
4380 4382 4354 4318 4272
4253 4221 4125 3874 3480
3005 2578 2260 2127 2257
2771 3628 4640 5526 6122
6336 6187 5763 5285 4911
4705 4585 4511 4442 4382
4309 4253 4213 4189 4152
4125 4112 4125 4126 4125
4112 4125 4148 4189 4202
4189 4146 4125 4120 4125
4096 4060 4039 4060 4076
4060 3994 3931 3886 3867
3835 3802 3765 3738 3684
3609 3522 3480 3473 3480
3452 3416 3391 3416 3467
3544 3612 3673 3724 3802
3880 3931 3929 3931 3955
3996 4000 3996 4008 4060
4102 4125 4120 4125 4123
4125 4115 4125 4148 4189
4201 4189 4167 4189 4226
4253 4244 4253 4285 4318
4296 4253 4211 4189 4152
4125 4110 4125 4125 4125
4133 4189 4257 4318 4346
4382 4419 4447 4424 4382
4340 4318 4284 4253 4236
4253 4261 4253 4231 4253
4292 4318 4285 4253 4250
4253 4123 3802 3344 2900
2496 2127 1874 1998 2623
3609 4614 5413 5881 5993
5779 5413 5048 4769 4559
4447 4405 4382 4314 4253
4234 4253 4253 4253 4274
4318 4332 4318 4280 4253
4217 4189 4152 4125 4087
4060 4028 3996 3933 3867
3810 3802 3809 3802 3743
3673 3618 3609 3608 3609
3597 3609 3633 3673 3703
3738 3749 3738 3696 3673
3668 3673 3660 3673 3724
3802 3846 3867 3881 3931
3993 4060 4101 4125 4122
4125 4122 4125 4117 4125
4128 4125 4089 4060 4046
4060 4063 4060 4032 3996
3949 3931 3927 3931 3920
3931 3960 3996 3996 3996
4010 4060 4099 4125 4123
4125 4119 4125 4121 4125
4118 4125 4141 4189 4230
4253 4246 4253 4260 4253
4227 4253 4323 4382 4377
4382 4436 4511 4526 4511
4504 4511 4485 4447 4413
4382 4315 4253 4226 4253
4267 4253 4209 4189 4189
4189 4097 3867 3467 2964
2421 1933 1557 1418 1642
2320 3289 4253 4948 5349
5491 5413 5144 4833 4593
4447 4327 4253 4235 4253
4231 4189 4167 4189 4201
4189 4168 4189 4229 4253
4205 4125 4057 4060 4091
4125 4142 4189 4238 4253
4193 4125 4096 4125 4139
4125 4082 4060 4051 4060
4042 3996 3918 3867 3850
3867 3868 3867 3875 3931
4000 4060 4070 4060 4045
4060 4086 4125 4136 4125
4084 4060 4051 4060 4056
4060 4059 4060 4048 4060
4091 4125 4127 4125 4121
4125 4111 4125 4152 4189
4186 4189 4209 4253 4255
4189 3999 3673 3209 2707
2260 1998 2049 2578 3582
4898 6221 7282 7807 7669
6993 6187 5558 5156 4852
4640 4536 4511 4459 4382
4309 4253 4181 4125 4107
4125 4125 4125 4120 4125
4095 4060 4019 3996 3961
3931 3894 3867 3814 3738
3634 3544 3467 3416 3388
3416 3443 3416 3309 3222
3198 3222 3238 3287 3378
3480 3505 3480 3458 3480
3488 3480 3495 3609 3780
3931 4003 4060 4143 4253
4330 4382 4420 4447 4427
4382 4337 4318 4305 4318
4341 4382 4393 4382 4325
4253 4172 4125 4081 3996
3761 3351 2812 2320 2022
2062 2531 3480 4743 6058
7193 8056 8452 8185 7313
6316 5590 5156 4783 4447
4241 4189 4162 4125 4104
4125 4133 4125 4112 4125
4129 4125 4091 4060 4002
3931 3845 3802 3792 3802
3812 3867 3931 3931 3814
3673 3581 3544 3501 3480
3500 3544 3517 3416 3291
3222 3187 3158 3110 3093
3112 3158 3185 3222 3292
3416 3527 3609 3678 3802
3950 4060 4091 4125 4206
4318 4374 4382 4373 4382
4382 4382 4381 4382 4358
4318 4274 4253 4244 4253
4251 4253 4243 4253 4253
4253 4244 4253 4219 4060
3675 3093 2413 1804 1382
1289 1657 2578 3886 5285
6499 7411 7837 7605 6789
5865 5242 4962 4789 4640
4544 4511 4455 4382 4332
4318 4290 4253 4217 4189
4146 4125 4118 4125 4095
4060 4020 3996 3959 3931
3898 3867 3822 3802 3798
3802 3773 3738 3700 3673
3635 3609 3580 3544 3476
3416 3370 3351 3337 3351
3362 3351 3317 3351 3466
3609 3687 3738 3812 3931
4020 4060 4073 4125 4195
4253 4260 4253 4246 4253
4250 4253 4253 4253 4240
4253 4285 4318 4299 4253
4206 4189 4181 4189 4211
4253 4270 4253 4202 4189
4209 4253 4259 4253 4245
4253 4225 4125 3865 3416
2802 2191 1744 1611 1870
2578 3634 4833 5910 6702
7067 6960 6465 5865 5386
5091 4858 4640 4459 4382
4372 4382 4376 4382 4392
4382 4321 4253 4203 4189
4175 4189 4218 4253 4235
4189 4137 4125 4122 4125
4098 4060 4014 3996 3973
3931 3854 3802 3788 3802
3782 3738 3688 3673 3670
3673 3649 3609 3540 3480
3447 3480 3543 3609 3639
3673 3724 3802 3867 3931
3990 4060 4103 4125 4120
4125 4123 4125 4114 4125
4149 4189 4199 4189 4171
4189 4222 4253 4252 4253
4253 4253 4221 4189 4170
4189 4216 4253 4265 4253
4212 4189 4182 4189 4179
4189 4215 4253 4258 4253
4246 4253 4248 4253 4273
4318 4355 4382 4382 4382
4374 4382 4381 4382 4370
4382 4413 4447 4372 4125
3704 3222 2724 2256 1927
1998 2598 3609 4682 5542
6042 6187 6018 5671 5278
4962 4731 4576 4456 4382
4319 4253 4173 4125 4097
4060 3984 3931 3920 3931
3916 3931 3987 4060 4072
4060 4051 4060 4035 3996
3954 3931 3894 3867 3853
3867 3869 3867 3873 3931
4005 4060 4063 4060 4060
4060 4026 3996 3966 3931
3859 3802 3784 3802 3802
3802 3817 3867 3924 3996
4046 4060 4022 3996 3990
3996 3980 3996 4053 4125
4142 4125 4110 4125 4131
4125 4111 4125 4130 4125
4102 4125 4163 4189 4159
4125 4069 3931 3601 3093
2478 1869 1349 1096 1308
2127 3408 4833 6055 6896
7229 7025 6393 5671 5130
4833 4646 4511 4422 4382
4326 4253 4194 4189 4199
4189 4147 4125 4140 4189
4205 4189 4144 4125 4116
4125 4122 4125 4103 4060
3987 3931 3891 3867 3828
3802 3774 3738 3666 3609
3587 3609 3617 3609 3593
3609 3619 3609 3580 3609
3694 3802 3870 3931 3995
4060 4091 4125 4163 4189
4160 4125 4111 4125 4121
4125 4144 4189 4221 4253
4266 4253 4206 4189 4212
4253 4240 4189 4137 4125
4122 4125 4136 4189 4241
4253 4189 4125 4096 4125
4134 4125 4106 4125 4131
6508 6503 6508 6501 6508
6501 6508 6502 6508 6500
6508 6504 6508 6497 6508
6510 6508 6470 6446 6430
6446 6443 6446 6436 6446
6440 6446 6438 6446 6440
6446 6438 6446 6440 6446
6438 6446 6440 6446 6436
6446 6443 6446 6430 6446
6469 6508 6510 6508 6493
6508 6524 6571 6603 6633
6642 6696 6778 6884 6946
7009 7077 7196 7316 7447
7543 7634 7708 7822 7946
8073 8141 8198 8244 8323
8384 8448 8496 8573 8637
8698 8723 8761 8789 8823
8820 8823 8815 8823 8812
8823 8824 8823 8781 8761
8750 8761 8730 8698 8655
8636 8596 8573 8538 8511
8443 8385 8332 8323 8296
8260 8186 8135 8089 8073
8036 8010 7968 7947 7909
7885 7844 7822 7782 7760
7739 7760 7766 7760 7712
7697 7693 7697 7657 7634
7624 7634 7601 7572 7552
7572 7571 7572 7559 7572
7567 7572 7561 7572 7567
7572 7560 7572 7569 7572
7554 7572 7597 7634 7630
7634 7645 7697 7745 7822
7886 7947 7967 8010 8063
8135 8166 8198 8219 8260
8280 8323 8355 8385 8373
8385 8409 8448 8442 8448
8465 8511 8515 8511 8495
8511 8510 8511 8478 8448
8401 8385 8358 8323 8246
8198 8160 8135 8066 8010
7963 7947 7908 7885 7852
7822 7751 7697 7653 7634
7591 7572 7562 7572 7541
7509 7468 7447 7404 7384
7373 7384 7357 7322 7272
7259 7249 7259 7252 7259
7251 7259 7252 7259 7251
7259 7251 7259 7252 7259
7250 7259 7252 7259 7249
7259 7255 7259 7244 7259
7280 7322 7341 7384 7432
7509 7567 7634 7688 7760
7813 7885 7944 8010 8040
8073 8092 8135 8162 8198
8217 8260 8291 8323 8318
8323 8315 8323 8312 8323
8323 8323 8283 8260 8246
8260 8238 8198 8125 8073
8023 8010 7982 7947 7874
7822 7777 7760 7722 7697
7661 7634 7570 7509 7452
7447 7444 7447 7412 7384
7344 7322 7281 7259 7240
7259 7263 7259 7218 7196
7182 7196 7192 7196 7187
7196 7190 7196 7189 7196
7188 7196 7190 7196 7186
7196 7193 7196 7180 7196
7221 7259 7258 7259 7249
7259 7249 7259 7274 7322
7351 7384 7402 7447 7479
7509 7502 7509 7523 7572
7603 7634 7650 7697 7732
7760 7748 7760 7781 7822
7824 7822 7809 7822 7818
7822 7814 7822 7799 7760
7685 7634 7590 7572 7535
7509 7471 7447 7406 7384
7350 7322 7273 7259 7254
7259 7223 7196 7180 7196
7175 7134 7077 7071 7073
7071 7028 7009 7001 7009
6974 6946 6928 6946 6944
6946 6936 6946 6939 6946
6940 6946 6933 6946 6966
7009 7015 7009 6986 7009
7039 7071 7063 7071 7089
7134 7156 7196 7243 7322
7382 7447 7480 7509 7520
7572 7633 7697 7717 7760
7815 7885 7910 7947 7997
8073 8107 8135 8153 8198
8223 8260 8286 8323 8324
8323 8308 8323 8324 8323
8287 8260 8221 8198 8156
8135 8102 8073 8007 7947
7876 7822 7749 7697 7650
7634 7601 7572 7527 7509
7477 7447 7396 7384 7381
7384 7345 7322 7309 7322
7294 7259 7211 7196 7182
7196 7198 7196 7157 7134
7119 7134 7129 7134 7127
7134 7123 7134 7135 7134
7094 7071 7058 7071 7063
7071 7071 7071 7032 7009
6995 7009 6999 7009 7027
7071 7077 7071 7051 7071
7094 7134 7153 7196 7242
7322 7383 7447 7491 7572
7657 7760 7839 7947 8060
8198 8313 8448 8571 8698
8784 8886 8996 9136 9239
9324 9376 9449 9508 9574
9604 9637 9653 9700 9731
9762 9755 9762 9757 9762
9728 9700 9656 9637 9598
9574 9536 9512 9451 9387
9303 9262 9223 9199 9135
9074 8998 8949 8880 8823
8749 8698 8630 8573 8495
8448 8402 8385 8348 8323
8281 8260 8221 8198 8157
8135 8096 8073 8032 8010
7972 7947 7906 7885 7849
7822 7776 7760 7749 7760
7732 7697 7646 7634 7628
7634 7604 7572 7524 7509
7497 7509 7504 7509 7499
7509 7504 7509 7498 7509
7509 7509 7472 7447 7427
7447 7448 7447 7426 7447
7474 7509 7503 7509 7523
7572 7600 7634 7654 7697
7721 7760 7798 7885 7975
8073 8132 8198 8251 8323
8376 8448 8508 8573 8601
8636 8660 8698 8699 8698
8683 8698 8698 8698 8663
8636 8595 8573 8535 8511
8470 8448 8409 8385 8347
8323 8264 8198 8112 8073
8040 8010 7937 7885 7844
7822 7757 7697 7645 7634
7603 7572 7527 7509 7476
7447 7399 7384 7374 7384
7357 7322 7270 7259 7254
7259 7225 7196 7174 7196
7205 7196 7150 7134 7129
7134 7097 7071 7055 7071
7068 7071 7063 7071 7060
7071 7090 7134 7141 7134
7111 7134 7163 7196 7189
7196 7214 7259 7267 7259
7237 7259 7287 7322 7317
7322 7332 7384 7421 7447
7438 7447 7446 7447 7426
7447 7480 7509 7476 7447
7431 7447 7440 7447 7447
7447 7404 7384 7379 7384
7345 7322 7314 7322 7284
7259 7249 7259 7227 7196
7162 7134 7064 7009 6966
6946 6902 6884 6878 6884
6845 6821 6812 6821 6787
6758 6741 6758 6754 6758
6754 6758 6725 6696 6675
6696 6701 6696 6657 6633
6616 6633 6635 6633 6612
6633 6664 6696 6685 6696
6717 6758 6773 6821 6881
6946 6964 7009 7086 7196
7259 7322 7395 7509 7601
7697 7781 7885 7968 8073
8183 8323 8426 8511 8560
8636 8718 8823 8894 8949
8970 9011 9041 9074 9069
9074 9067 9074 9061 9074
9075 9074 9030 9011 9002
9011 8977 8949 8912 8886
8817 8761 8713 8698 8644
8573 8486 8448 8414 8385
8315 8260 8212 8198 8162
8135 8093 8073 8035 8010
7969 7947 7909 7885 7844
7822 7785 7760 7717 7697
7662 7634 7588 7572 7546
7509 7429 7384 7369 7384
7353 7322 7298 7322 7325
7322 7301 7322 7348 7384
7380 7384 7391 7447 7504
7572 7602 7634 7667 7760
7858 7947 7993 8073 8167
8260 8287 8323 8375 8448
8474 8511 8561 8636 8666
8698 8725 8761 8753 8761
8780 8823 8824 8823 8815
8823 8792 8761 8718 8698
8660 8636 8599 8573 8510
8448 8371 8323 8258 8198
8118 8073 8031 8010 7968
7947 7915 7885 7815 7760
7711 7697 7663 7634 7591
7572 7536 7509 7467 7447
7412 7384 7338 7322 7310
7322 7314 7322 7318 7322
7287 7259 7236 7259 7267
7259 7213 7196 7191 7196
7161 7134 7116 7134 7132
7134 7122 7134 7129 7134
7124 7134 7128 7134 7124
7134 7131 7134 7100 7071
7044 7071 7103 7134 7123
7134 7153 7196 7216 7259
7309 7384 7435 7509 7590
7697 7780 7885 7995 8135
8253 8385 8506 8636 8727
8823 8907 9011 9095 9199
9289 9387 9445 9512 9564
9637 9689 9762 9822 9887
9913 9950 9975 10012 10010
10012 10000 10012 10005 10012
9987 9950 9872 9825 9784
9762 9697 9637 9564 9512
9435 9387 9343 9324 9264
9199 9118 9074 9011 8949
8864 8823 8788 8761 8688
8636 8591 8573 8511 8448
8388 8385 8382 8385 8351
8323 8279 8260 8224 8198
8153 8135 8102 8073 8021
8010 8006 8010 7969 7947
7936 7947 7916 7885 7861
7885 7891 7885 7841 7822
7808 7822 7817 7822 7812
7822 7815 7822 7814 7822
7813 7822 7816 7822 7811
7822 7820 7822 7804 7822
7849 7885 7878 7885 7902
7947 7954 7947 7928 7947
7953 7947 7903 7885 7876
7885 7855 7822 7778 7760
7724 7697 7656 7634 7598
7572 7531 7509 7473 7447
7404 7384 7352 7322 7254
7196 7143 7134 7128 7134
7105 7071 7021 7009 7003
7009 6975 6946 6924 6946
6954 6946 6902 6884 6876
6884 6852 6821 6798 6821
6830 6821 6775 6758 6753
6758 6724 6696 6677 6696
6698 6696 6680 6696 6702
6696 6652 6633 6627 6633
6601 6571 6533 6508 6463
6446 6439 6446 6412 6383
6365 6383 6382 6383 6371
6383 6379 6383 6372 6383
6380 6383 6368 6383 6404
6446 6466 6508 6556 6633
6690 6758 6829 6946 7064
7196 7310 7447 7572 7697
7784 7885 7994 8135 8241
8323 8369 8448 8536 8636
8696 8761 8814 8886 8938
9011 9074 9136 9143 9136
9118 9136 9139 9136 9097
9074 9037 9011 8965 8949
8921 8886 8808 8761 8725
8698 8625 8573 8534 8511
8440 8385 8344 8323 8255
8198 8152 8135 8075 8010
7935 7885 7812 7760 7713
7697 7660 7634 7596 7572
7528 7509 7497 7509 7483
7447 7394 7384 7380 7384
7349 7322 7301 7322 7327
7322 7280 7259 7245 7259
7255 7259 7249 7259 7254
7259 7248 7259 7256 7259
7245 7259 7264 7259 7215
7196 7191 7196 7159 7134
7121 7134 7105 7071 7045
7071 7083 7071 7022 7009
7008 7009 6967 6946 6939
6946 6910 6884 6871 6884
6855 6821 6797 6821 6830
6821 6777 6758 6749 6758
6732 6696 6646 6633 6625
6633 6624 6633 6633 6633
6598 6571 6551 6571 6577
6571 6530 6508 6495 6508
6504 6508 6499 6508 6502
6508 6501 6508 6501 6508
6502 6508 6500 6508 6503
6508 6498 6508 6507 6508
6491 6508 6536 6571 6565
6571 6586 6633 6661 6696
6720 6758 6778 6821 6872
6946 6983 7009 7020 7071
7129 7196 7228 7259 7278
7322 7350 7384 7403 7447
7480 7509 7502 7509 7526
7572 7584 7572 7526 7509
7501 7509 7481 7447 7400
7384 7355 7322 7269 7259
7260 7259 7215 7196 7192
7196 7156 7134 7127 7134
7095 7071 7064 7071 7033
7009 7000 7009 6972 6946
6936 6946 6913 6884 6867
6884 6878 6884 6882 6884
6846 6821 6807 6821 6815
6821 6819 6821 6785 6758
6742 6758 6756 6758 6749
6758 6753 6758 6751 6758
6751 6758 6753 6758 6748
6758 6758 6758 6722 6696
6677 6696 6699 6696 6658
6633 6614 6633 6637 6633
6609 6633 6669 6696 6676
6696 6751 6821 6839 6884
6963 7071 7129 7196 7280
7384 7439 7509 7611 7760
7881 8010 8131 8260 8346
8448 8561 8698 8792 8886
8971 9074 9137 9199 9248
9324 9382 9449 9485 9512
9500 9512 9530 9574 9578
9574 9556 9574 9577 9574
9531 9512 9499 9512 9485
9449 9397 9387 9361 9324
9244 9199 9162 9136 9064
9011 8968 8949 8884 8823
8769 8761 8730 8698 8649
8636 8607 8573 8498 8448
8403 8385 8343 8323 8308
8323 8299 8260 8204 8198
8197 8198 8155 8135 8125
8135 8103 8073 8031 8010
7966 7947 7936 7947 7919
7885 7837 7822 7808 7822
7823 7822 7783 7760 7743
7760 7758 7760 7729 7697
7647 7634 7630 7634 7599
7572 7536 7509 7460 7447
7444 7447 7405 7384 7377
7384 7346 7322 7310 7322
7289 7259 7239 7259 7258
7259 7247 7259 7253 7259
7249 7259 7268 7322 7379
7447 7491 7572 7661 7760
7813 7885 7967 8073 8133
8198 8269 8385 8482 8573
8629 8698 8751 8823 8879
8949 9000 9074 9133 9199
9228 9262 9279 9324 9353
9387 9383 9387 9374 9387
9383 9387 9354 9324 9277
9262 9232 9199 9125 9074
9029 9011 8953 8886 8801
8761 8723 8698 8634 8573
8496 8448 8399 8385 8356
8323 8249 8198 8152 8135
8095 8073 8037 8010 7960
7947 7943 7947 7906 7885
7875 7885 7850 7822 7804
7822 7801 7760 7703 7697
7697 7697 7656 7634 7621
7634 7626 7634 7633 7634
7596 7572 7557 7572 7549
7509 7455 7447 7444 7447
7411 7384 7347 7322 7275
7259 7252 7259 7226 7196
7175 7196 7202 7196 7156
7134 7118 7134 7135 7134
7097 7071 7050 7071 7079
7071 7024 7009 7005 7009
6968 6946 6937 6946 6912
6884 6866 6884 6878 6884
6894 6946 6979 7009 7020
7071 7127 7196 7243 7322
7408 7509 7568 7634 7707
7822 7917 8010 8086 8198
8296 8385 8434 8511 8596
8698 8759 8823 8879 8949
8979 9011 9033 9074 9077
9074 9056 9074 9078 9074
9030 9011 9001 9011 8981
8949 8903 8886 8851 8823
8779 8761 8728 8698 8631
8573 8501 8448 8376 8323
8254 8198 8121 8073 8028
8010 7971 7947 7909 7885
7840 7822 7809 7822 7797
7760 7704 7697 7696 7697
7656 7634 7624 7634 7603
7572 7547 7572 7581 7572
7525 7509 7503 7509 7475
7447 7426 7447 7451 7447
7407 7384 7366 7384 7388
7384 7343 7322 7308 7322
7316 7322 7315 7322 7311
7322 7321 7322 7283 7259
7243 7259 7256 7259 7249
7259 7253 7259 7251 7259
7252 7259 7252 7259 7251
7259 7253 7259 7249 7259
7257 7259 7225 7196 7174
7196 7206 7196 7149 7134
7132 7134 7093 7071 7065
7071 7034 7009 6998 7009
6977 6946 6926 6946 6948
6946 6914 6884 6835 6821
6817 6821 6785 6758 6741
6758 6756 6758 6748 6758
6753 6758 6750 6758 6752
6758 6751 6758 6751 6758
6751 6758 6751 6758 6752
6758 6750 6758 6753 6758
6748 6758 6757 6758 6741
6758 6786 6821 6815 6821
6837 6884 6909 6946 6973
7009 7024 7071 7129 7196
7221 7259 7309 7384 7420
7447 7463 7509 7539 7572
7590 7634 7666 7697 7694
7697 7689 7697 7689 7697
7692 7697 7685 7697 7699
7697 7657 7634 7622 7634
7608 7572 7524 7509 7480
7447 7394 7384 7383 7384
7343 7322 7313 7322 7288
7259 7239 7259 7259 7259
7245 7259 7257 7259 7245
7259 7262 7259 7217 7196
7185 7196 7187 7196 7197
7196 7153 7134 7145 7196
7207 7196 7171 7196 7228
7259 7250 7259 7276 7322
7347 7384 7409 7447 7464
7509 7561 7634 7686 7760
7824 7885 7904 7947 8003
8073 8097 8135 8185 8260
8294 8323 8341 8385 8409
8448 8475 8511 8508 8511
8501 8511 8502 8511 8507
8511 8475 8448 8425 8448
8455 8448 8401 8385 8379
8385 8351 8323 8286 8260
8193 8135 8084 8073 8041
8010 7963 7947 7916 7885
7833 7822 7819 7822 7783
7760 7747 7760 7732 7697
7649 7634 7620 7634 7636
7634 7594 7572 7558 7572
7565 7572 7568 7572 7537
7509 7488 7509 7514 7509
7468 7447 7432 7447 7443
7447 7435 7447 7443 7447
7431 7447 7466 7509 7533
7572 7596 7634 7653 7697
7745 7822 7879 7947 8000
8073 8127 8198 8252 8323
8376 8448 8504 8573 8624
8698 8758 8823 8851 8886
8907 8949 8971 9011 9037
9074 9074 9074 9058 9074
9075 9074 9033 9011 8996
9011 8989 8949 8872 8823
8778 8761 8723 8698 8657
8636 8596 8573 8533 8511
8470 8448 8409 8385 8344
8323 8285 8260 8216 8198
8165 8135 8083 8073 8070
8073 8030 8010 8002 8010
7972 7947 7935 7947 7915
7885 7863 7885 7885 7885
7869 7885 7886 7885 7846
7822 7804 7822 7824 7822
7785 7760 7738 7760 7767
7760 7712 7697 7695 7697
7655 7634 7628 7634 7594
7572 7564 7572 7534 7509
7499 7509 7474 7447 7430
7447 7437 7447 7465 7509
7510 7509 7512 7572 7632
7697 7723 7760 7798 7885
7972 8073 8152 8260 8356
8448 8498 8573 8657 8761
8823 8886 8938 9011 9063
9136 9197 9262 9285 9324
9354 9387 9375 9387 9409
9449 9445 9449 9445 9449
9408 9387 9375 9387 9354
9324 9285 9262 9196 9136
9082 9074 9046 9011 8938
8886 8836 8823 8793 8761
8690 8636 8584 8573 8545
