7810 6931 5078 2898 1019
-209 -739 -757 -563 -394
-316 -285 -271 -272 -281
-288 -298 -318 -318 -291
-248 -227 -206 -190 -177
-184 -185 -161 -122 -93
-76 -59 -34 -10 17
55 104 145 173 202
257 337 421 485 542
626 750 878 960 998
1050 1157 1294 1401 1448
1453 1443 1432 1422 1407
1373 1305 1207 1100 1004
916 813 681 542 438
390 374 347 292 236
203 189 162 115 71
61 79 94 83 62
52 55 54 44 35
39 49 55 51 47
43 41 46 72 114
152 167 166 178 217
271 318 355 391 450
541 651 750 814 832
792 698 584 500 455
402 300 166 29 -90
-201 -264 -272 -225 -172
-138 -129 -137 -147 -146
-141 -145 -130 -3 359
1022 1956 3110 4468 5928
7108 7444 6625 4892 2848
1056 -158 -700 -710 -492
-308 -219 -173 -158 -188
-223 -215 -180 -164 -159
-148 -129 -135 -133 -112
-70 -52 -57 -51 -11
38 52 24 -1 17
78 149 213 266 310
343 383 442 520 605
698 796 891 975 1060
1153 1250 1335 1407 1469
1523 1563 1590 1600 1594
1563 1501 1405 1287 1166
1064 979 897 797 686
580 498 437 389 338
288 245 227 232 246
245 224 189 161 150
153 151 130 95 73
77 97 103 87 65
63 78 90 86 87
109 153 201 243 281
317 343 363 392 449
536 642 749 839 902
925 892 799 675 571
509 460 374 239 72
-68 -158 -174 -160 -143
-148 -149 -135 -112 -93
-81 -75 -75 -56 72
438 1118 2063 3192 4495
5916 7086 7400 6531 4759
2740 1022 -124 -628 -613
-377 -202 -156 -159 -157
-165 -178 -171 -148 -133
-120 -103 -81 -85 -96
-103 -79 -44 -12 5
14 26 51 82 110
130 156 190 230 267
307 357 423 492 558
620 691 778 881 990
1104 1215 1318 1405 1476
1532 1572 1598 1613 1612
1591 1551 1500 1439 1352
1227 1078 938 830 744
660 568 483 407 337
274 239 232 233 209
169 140 139 146 144
126 105 91 86 82
75 64 52 42 39
41 46 47 47 55
78 110 138 158 178
207 241 270 294 330
397 497 613 721 800
837 827 770 681 588
513 451 370 246 102
-26 -100 -148 -183 -226
-244 -230 -195 -179 -193
-206 -192 -183 -219 -239
-77 411 1250 2381 3767
5350 6866 7790 7615 6279
4254 2212 615 -367 -752
-696 -467 -298 -249 -256
-272 -289 -290 -262 -229
-229 -242 -243 -212 -189
-169 -160 -148 -140 -132
-122 -113 -106 -99 -86
-61 -22 31 88 138
171 197 232 288 357
432 511 597 687 772
855 952 1060 1149 1202
1245 1314 1410 1495 1532
1515 1460 1388 1313 1235
1145 1035 904 766 641
543 470 409 349 286
225 172 129 91 58
35 32 38 33 6
-27 -52 -69 -85 -96
-97 -91 -87 -88 -94
-104 -124 -142 -145 -131
-114 -101 -82 -41 28
102 156 183 207 264
365 484 590 666 716
740 731 680 593 498
429 389 330 205 21
-133 -214 -230 -260 -299
-327 -315 -273 -217 -182
-204 -271 -338 -381 -384
-229 262 1149 2339 3770
5424 7038 7994 7739 6275
4159 2066 449 -518 -864
-785 -548 -372 -329 -367
-398 -392 -365 -341 -329
-327 -334 -315 -280 -238
-239 -257 -275 -273 -259
-240 -216 -193 -177 -163
-145 -113 -70 -16 34
69 88 109 154 228
312 391 460 531 624
742 860 948 1006 1064
1141 1219 1271 1295 1304
1301 1281 1243 1188 1106
997 878 766 658 543
430 334 265 211 159
103 50 3 -34 -66
-93 -112 -118 -128 -158
-205 -239 -242 -224 -211
-209 -217 -237 -273 -307
-317 -304 -288 -287 -300
-308 -294 -256 -203 -154
-119 -97 -75 -39 21
103 205 317 424 506
552 557 516 426 311
211 150 94 -8 -159
-321 -434 -500 -522 -538
-535 -516 -488 -474 -478
-473 -447 -450 -529 -614
-514 -57 795 1991 3496
5259 7012 8200 8243 6981
4827 2490 556 -669 -1156
-1099 -842 -665 -637 -673
-706 -721 -715 -688 -664
-663 -660 -653 -649 -673
-672 -636 -588 -590 -634
-660 -629 -557 -496 -473
-474 -467 -439 -402 -374
-346 -298 -230 -164 -126
-102 -50 56 199 330
426 503 589 680 755
805 852 910 965 986
966 926 895 871 829
746 620 464 301 156
60 22 2 -55 -157
-251 -294 -299 -311 -343
-377 -396 -401 -386 -354
-324 -331 -381 -440 -466
-449 -420 -405 -401 -389
-371 -367 -392 -432 -458
-447 -399 -335 -283 -251
-233 -213 -188 -159 -127
-69 30 159 281 374
430 437 373 251 125
53 23 -21 -119 -267
-417 -547 -624 -657 -633
-593 -565 -559 -543 -507
-483 -498 -543 -595 -615
-479 -30 781 1870 3200
4792 6478 7726 7920 6837
4817 2529 614 -572 -1026
-1017 -857 -732 -672 -649
-638 -639 -654 -673 -674
-639 -591 -554 -554 -554
-547 -518 -501 -497 -502
-507 -502 -490 -477 -468
-452 -412 -355 -308 -287
-270 -234 -181 -122 -54
34 132 223 305 385
468 559 665 783 892
978 1042 1092 1120 1117
1096 1076 1056 1015 936
834 737 648 542 409
280 191 137 82 9
-63 -104 -121 -139 -179
-222 -250 -259 -270 -288
-301 -294 -276 -262 -259
-254 -241 -230 -238 -265
-294 -310 -313 -314 -320
-328 -321 -285 -218 -138
-76 -56 -67 -76 -50
14 102 195 285 367
434 466 442 350 221
111 63 53 14 -98
-267 -412 -499 -520 -526
-519 -507 -491 -489 -499
-501 -490 -484 -505 -540
-499 -229 395 1369 2609
4070 5667 7063 7678 7103
5454 3289 1230 -270 -1015
-1110 -897 -704 -642 -647
-660 -661 -635 -582 -550
-567 -593 -583 -537 -514
-510 -517 -501 -479 -453
-425 -396 -370 -349 -331
-315 -298 -279 -256 -227
-185 -125 -53 18 77
131 190 264 354 456
564 667 758 845 941
1042 1123 1164 1182 1210
1250 1260 1206 1112 1028
966 897 793 658 521
403 305 217 132 53
-6 -46 -77 -110 -140
-161 -168 -174 -181 -193
-202 -209 -214 -219 -220
-220 -220 -222 -220 -219
-226 -243 -259 -263 -256
-248 -233 -203 -159 -117
-89 -70 -48 -15 26
78 152 247 345 429
489 519 504 439 341
250 185 135 67 -43
-179 -316 -412 -472 -491
-500 -501 -501 -487 -463
-442 -427 -421 -439 -474
-446 -218 300 1108 2178
3510 5051 6520 7403 7228
5936 3952 1900 265 -720
-1048 -922 -669 -530 -519
-534 -533 -532 -526 -498
-473 -485 -504 -496 -458
-442 -439 -441 -426 -409
-393 -378 -370 -375 -380
-365 -317 -252 -193 -157
-138 -120 -86 -34 36
115 198 284 377 469
551 624 704 803 911
1007 1079 1139 1196 1244
1265 1252 1217 1175 1130
1071 982 862 723 583
455 343 247 169 109
55 -1 -64 -115 -137
-132 -128 -151 -195 -228
-237 -233 -233 -232 -224
-219 -233 -257 -275 -286
-299 -310 -302 -271 -244
-245 -268 -271 -225 -151
-93 -73 -70 -49 5
78 162 255 355 442
494 500 473 422 353
274 200 135 56 -61
-214 -350 -441 -470 -474
-457 -438 -428 -438 -452
-442 -417 -413 -462 -550
-579 -375 207 1168 2410
3889 5540 7027 7734 7214
5588 3449 1430 -64 -878
-1086 -945 -727 -577 -507
-494 -508 -512 -488 -467
-479 -507 -516 -485 -456
-443 -459 -467 -456 -424
-391 -372 -366 -364 -353
-330 -299 -268 -240 -209
-175 -137 -98 -53 5
78 158 240 332 439
551 649 735 827 932
1025 1085 1117 1144 1167
1175 1168 1150 1115 1048
949 839 738 649 553
433 296 173 89 45
17 -16 -56 -96 -128
-153 -169 -182 -197 -217
-227 -226 -227 -245 -273
-296 -306 -311 -315 -320
-325 -337 -351 -360 -355
-333 -301 -265 -232 -198
-156 -110 -73 -39 14
99 202 311 419 518
572 562 502 427 351
280 217 156 73 -60
-217 -354 -418 -442 -451
-484 -517 -515 -471 -427
-430 -460 -477 -497 -544
-506 -163 600 1704 3049
4617 6267 7520 7767 6744
4784 2582 753 -427 -969
-1038 -854 -646 -540 -523
-519 -512 -526 -556 -562
-532 -504 -496 -514 -518
-508 -467 -424 -402 -414
-442 -451 -431 -393 -362
-347 -333 -300 -245 -192
-161 -145 -111 -41 54
139 200 253 326 433
555 668 762 849 941
1030 1093 1120 1123 1130
1145 1150 1121 1057 975
893 803 687 545 403
291 212 143 62 -22
-93 -140 -171 -192 -206
-212 -218 -232 -254 -274
-291 -307 -324 -336 -346
-359 -381 -397 -390 -365
-350 -363 -397 -427 -430
-401 -346 -279 -217 -177
-159 -145 -110 -55 11
78 154 244 338 410
441 425 366 277 192
142 121 73 -51 -230
-398 -490 -525 -530 -545
-552 -544 -522 -504 -495
-485 -487 -531 -614 -641
-457 68 971 2211 3726
5421 7009 7949 7701 6202
3982 1783 103 -883 -1211
-1079 -822 -691 -694 -699
-664 -635 -634 -628 -605
-589 -581 -577 -564 -569
-575 -582 -573 -561 -554
-548 -533 -505 -475 -455
-444 -429 -394 -343 -289
-242 -200 -156 -100 -22
78 183 267 328 391
474 570 666 762 855
925 961 980 1009 1045
1065 1055 1019 956 855
715 563 436 344 263
168 62 -32 -105 -166
-223 -274 -311 -331 -335
-336 -348 -370 -385 -388
-394 -413 -435 -446 -448
-450 -453 -452 -453 -466
-490 -510 -514 -508 -505
-500 -473 -419 -359 -314
-289 -270 -251 -215 -149
-49 53 136 205 273
320 313 238 130 34
-20 -52 -104 -208 -358
-500 -613 -682 -732 -738
-712 -675 -657 -655 -651
-652 -665 -695 -747 -783
-648 -146 773 2001 3483
5211 6928 8008 7876 6490
4339 2066 204 -934 -1316
-1209 -973 -825 -781 -785
-796 -800 -788 -763 -740
-732 -746 -755 -755 -732
-716 -700 -694 -691 -685
-668 -640 -618 -608 -593
-559 -516 -482 -454 -422
-381 -335 -281 -217 -146
-74 -2 76 164 258
354 454 561 668 760
833 893 944 975 979
967 950 921 864 770
656 535 419 306 194
84 -16 -96 -157 -210
-261 -304 -335 -357 -373
-381 -381 -382 -399 -430
-458 -468 -466 -468 -480
-493 -498 -501 -508 -515
-516 -517 -528 -544 -541
-503 -444 -397 -372 -353
-321 -285 -257 -233 -183
-95 18 122 204 260
284 255 176 76 -3
-58 -113 -194 -304 -420
-538 -640 -721 -738 -709
-667 -653 -657 -653 -644
-640 -656 -707 -783 -771
-500 129 1082 2316 3843
5597 7219 8116 7803 6266
3991 1687 -77 -1049 -1303
-1132 -886 -765 -766 -793
-807 -815 -818 -801 -773
-756 -738 -718 -693 -699
-705 -696 -659 -623 -607
-605 -606 -598 -582 -554
-516 -478 -453 -435 -400
-344 -285 -241 -197 -134
-58 14 85 174 286
401 498 587 684 789
873 921 943 965 987
995 974 930 872 797
696 574 444 320 202
95 5 -60 -110 -159
-212 -261 -299 -331 -357
-376 -385 -396 -423 -461
-485 -481 -459 -444 -444
-457 -473 -485 -485 -472
-463 -467 -479 -488 -492
-494 -487 -459 -412 -355
-301 -258 -238 -233 -224
-185 -110 -12 86 174
236 258 226 155 77
17 -38 -104 -187 -286
-402 -541 -661 -742 -752
-733 -712 -708 -707 -698
-687 -673 -662 -679 -729
-712 -458 148 1093 2328
3850 5595 7228 8152 7840
6267 3962 1672 -61 -1023
-1284 -1106 -839 -704 -702
-723 -727 -736 -750 -741
-714 -704 -705 -694 -650
-616 -596 -596 -587 -568
-551 -545 -543 -530 -505
-476 -448 -418 -387 -357
-322 -277 -221 -166 -124
-84 -24 70 185 292
375 449 534 638 750
854 939 1001 1042 1064
1072 1071 1057 1021 959
878 787 683 554 412
285 191 112 28 -57
-124 -165 -191 -213 -236
-261 -282 -289 -287 -296
-326 -358 -371 -366 -360
-361 -361 -354 -345 -346
-358 -374 -385 -387 -379
-358 -335 -325 -324 -310
-265 -206 -154 -119 -91
-67 -32 33 136 250
338 376 367 315 235
149 83 35 -25 -123
-259 -391 -495 -555 -601
-626 -632 -610 -578 -554
-547 -550 -544 -533 -557
-609 -544 -156 620 1694
3011 4602 6320 7650 7963
6994 5051 2783 811 -503
-1096 -1146 -932 -710 -604
-611 -658 -690 -693 -672
-641 -618 -613 -600 -574
-534 -523 -532 -549 -545
-519 -487 -466 -458 -444
-409 -361 -325 -316 -316
-296 -246 -186 -133 -81
-12 72 150 214 286
384 495 599 693 795
906 1003 1066 1103 1129
1154 1164 1151 1114 1054
965 853 735 627 527
431 342 262 175 68
-45 -135 -187 -213 -231
-250 -261 -260 -248 -237
-235 -248 -273 -298 -308
-302 -299 -317 -347 -367
-362 -346 -337 -341 -345
-340 -324 -300 -268 -229
-194 -172 -159 -140 -110
-63 2 88 183 277
359 421 447 429 365
280 197 135 87 24
-73 -208 -344 -460 -522
-550 -539 -511 -480 -461
-454 -448 -449 -465 -501
-546 -529 -292 322 1329
2630 4175 5897 7443 8158
7566 5809 3533 1413 -128
-942 -1118 -941 -706 -562
-506 -504 -529 -555 -558
-545 -541 -540 -530 -495
-472 -467 -488 -488 -464
-433 -423 -426 -415 -385
-357 -338 -318 -280 -228
-180 -148 -118 -66 20
114 186 232 282 366
481 596 689 770 856
957 1058 1145 1213 1265
1300 1309 1286 1244 1191
1119 1012 882 767 683
598 483 349 233 152
90 40 -3 -38 -68
-89 -100 -108 -128 -159
-186 -192 -179 -165 -169
-191 -212 -213 -202 -198
-214 -237 -250 -248 -249
-259 -268 -253 -212 -163
-127 -102 -71 -28 20
63 106 165 249 348
448 530 575 565 498
398 304 237 189 129
33 -87 -218 -326 -413
-451 -460 -448 -434 -416
-396 -381 -377 -392 -446
-527 -521 -253 378 1347
2603 4144 5878 7430 8191
7693 5998 3699 1530 -36
-869 -1082 -918 -668 -524
-499 -512 -521 -527 -518
-484 -447 -441 -444 -437
-412 -409 -408 -401 -369
-335 -313 -303 -303 -303
-8240 -8176 -7087 -5409 -3677
-2272 -1312 -711 -334 -105
-2 5 -21 -27 -7
14 28 45 63 77
74 76 74 84 92
107 120 135 154 182
217 247 269 285 302
321 341 365 397 435
468 490 509 536 570
598 606 603 605 612
603 559 489 423 375
333 272 192 118 64
22 -24 -74 -119 -158
-194 -224 -246 -266 -294
-326 -352 -366 -375 -381
-386 -391 -394 -392 -393
-409 -433 -447 -447 -451
-469 -480 -467 -442 -432
-440 -445 -428 -399 -380
-375 -374 -359 -332 -293
-241 -179 -117 -59 2
69 127 171 204 235
234 167 20 -166 -334
-439 -481 -490 -494 -506
-516 -512 -492 -465 -455
-446 -437 -420 -435 -474
-510 -506 -482 -481 -493
-411 -143 255 588 684
463 -156 -1322 -3081 -5167
-7024 -8086 -8058 -7036 -5418
-3712 -2306 -1343 -745 -367
-130 -23 -20 -44 -30
11 28 15 7 22
47 56 63 64 80
94 113 129 146 164
185 207 230 250 269
290 312 326 335 355
397 449 487 504 512
530 559 586 600 596
574 534 483 433 392
350 297 236 177 118
58 2 -40 -70 -105
-157 -217 -266 -292 -306
-322 -339 -350 -354 -355
-357 -363 -375 -392 -404
-406 -403 -403 -406 -410
-416 -424 -427 -424 -420
-421 -421 -411 -392 -376
-368 -358 -337 -308 -281
-252 -209 -144 -74 -15
33 85 146 203 243
261 241 166 24 -159
-330 -438 -479 -481 -478
-486 -497 -496 -475 -440
-415 -398 -403 -407 -425
-443 -461 -462 -453 -460
-470 -392 -126 279 619
703 452 -190 -1347 -3072
-5126 -6964 -8009 -7958 -6918
-5301 -3610 -2222 -1279 -706
-347 -108 14 27 -6
-12 11 23 18 24
52 83 87 85 82
103 119 132 138 149
166 182 196 212 236
261 278 288 304 330
359 383 406 434 468
499 520 533 543 549
543 522 492 456 415
367 321 276 227 170
113 64 18 -29 -72
-107 -139 -175 -214 -244
-262 -274 -286 -298 -310
-324 -339 -352 -363 -373
-385 -396 -403 -402 -398
-399 -407 -414 -415 -405
-390 -379 -379 -386 -385
-371 -353 -340 -333 -318
-289 -244 -192 -135 -76
-13 48 105 154 198
236 257 230 127 -51
-248 -398 -470 -495 -505
-504 -490 -475 -470 -460
-429 -406 -401 -426 -443
-459 -460 -451 -433 -437
-463 -451 -299 22 407
669 665 319 -461 -1793
-3652 -5690 -7303 -7944 -7441
-6076 -4389 -2874 -1769 -1049
-578 -259 -70 -8 -24
-43 -25 8 21 15
12 16 25 27 44
61 83 89 99 116
138 150 149 150 166
197 225 239 245 259
283 310 334 354 374
392 405 416 425 430
422 402 377 353 327
290 239 181 127 82
38 -12 -64 -107 -137
-161 -191 -227 -261 -286
-305 -322 -333 -338 -343
-360 -385 -402 -395 -373
-359 -372 -396 -408 -403
-401 -412 -425 -422 -407
-393 -384 -376 -370 -368
-367 -356 -338 -321 -312
-298 -268 -221 -168 -119
-73 -21 36 90 131
158 161 119 7 -162
-338 -466 -532 -555 -562
-566 -566 -555 -527 -487
-457 -440 -449 -453 -462
-467 -484 -494 -494 -494
-506 -480 -325 -7 371
634 644 323 -422 -1712
-3530 -5537 -7123 -7732 -7211
-5862 -4223 -2765 -1723 -1069
-643 -328 -121 -45 -60
-80 -62 -30 -17 -25
-30 -19 -10 -6 -16
-7 11 38 52 61
67 73 75 75 86
109 136 157 172 192
221 251 273 289 309
335 359 375 381 381
373 359 342 322 291
244 193 149 111 67
11 -46 -91 -124 -155
-190 -226 -254 -271 -286
-307 -329 -341 -346 -358
-380 -397 -397 -390 -391
-402 -411 -413 -410 -407
-402 -397 -398 -408 -419
-415 -398 -381 -375 -376
-377 -379 -383 -378 -355
-323 -290 -254 -205 -143
-79 -23 25 69 113
153 173 137 26 -150
-335 -471 -535 -549 -545
-537 -525 -509 -491 -470
-443 -427 -414 -420 -427
-453 -473 -474 -455 -454
-486 -495 -361 -27 404
726 779 476 -292 -1677
-3664 -5878 -7670 -8467 -8073
-6731 -4950 -3255 -1963 -1126
-617 -287 -75 23 31
18 31 55 55 43
47 67 86 90 105
116 129 134 149 171
195 217 234 246 252
262 283 313 347 380
410 438 462 488 519
556 586 604 612 621
634 638 619 577 531
490 446 385 309 240
189 146 90 17 -54
-108 -146 -180 -211 -234
-251 -278 -321 -364 -389
-391 -386 -388 -396 -403
-408 -413 -416 -418 -421
-429 -438 -439 -431 -425
-430 -444 -452 -448 -438
-429 -420 -409 -393 -374
-350 -317 -272 -220 -159
-94 -24 39 91 131
166 182 154 55 -103
-276 -409 -482 -507 -513
-518 -523 -523 -513 -487
-451 -414 -412 -429 -459
-473 -493 -507 -508 -504
-523 -526 -404 -95 315
644 732 473 -256 -1597
-3543 -5751 -7599 -8498 -8222
-6974 -5225 -3490 -2133 -1246
-699 -333 -100 -11 -25
-47 -20 24 40 23
7 19 43 66 72
83 87 95 101 119
150 181 202 216 236
267 300 326 346 366
389 418 455 499 542
576 601 620 637 654
667 670 652 612 561
515 474 425 363 292
224 163 108 51 -11
-72 -125 -166 -200 -234
-269 -299 -317 -325 -331
-345 -370 -392 -397 -386
-378 -387 -409 -425 -429
-432 -445 -463 -473 -473
-476 -483 -485 -472 -450
-431 -416 -401 -390 -381
-361 -321 -269 -220 -175
-121 -54 15 69 110
148 185 189 123 -24
-210 -373 -473 -515 -527
-530 -533 -534 -528 -512
-485 -465 -450 -454 -457
-477 -503 -536 -544 -527
-517 -528 -478 -246 156
546 724 593 68 -1011
-2732 -4881 -6912 -8214 -8408
-7514 -5904 -4116 -2598 -1542
-885 -469 -196 -58 -38
-63 -59 -24 -4 -8
-7 13 36 35 33
34 56 67 74 79
98 121 141 161 184
202 208 215 243 290
333 358 375 404 448
491 523 547 567 581
586 587 586 565 517
456 409 375 335 273
200 133 77 20 -41
-99 -147 -191 -236 -274
-299 -318 -343 -371 -391
-399 -405 -414 -425 -434
-440 -449 -458 -464 -465
-470 -482 -500 -512 -512
-507 -508 -514 -514 -505
-497 -491 -479 -455 -432
-415 -391 -342 -275 -210
-160 -115 -64 -1 65
127 167 171 119 3
-166 -343 -474 -534 -546
-552 -566 -579 -574 -553
-528 -505 -494 -477 -475
-488 -531 -566 -570 -551
-556 -589 -566 -379 -22
374 623 603 234 -603
-2038 -4004 -6098 -7704 -8320
-7805 -6423 -4683 -3086 -1903
-1130 -635 -320 -153 -103
-111 -120 -114 -99 -86
-72 -56 -49 -45 -39
-12 8 21 16 16
22 33 51 78 112
139 154 164 180 205
231 252 269 294 329
369 402 420 423 424
432 442 438 416 382
347 309 259 195 130
75 29 -22 -77 -125
-161 -196 -240 -284 -315
-337 -361 -387 -410 -428
-440 -439 -428 -423 -437
-461 -476 -474 -464 -461
-471 -494 -520 -535 -534
-519 -502 -487 -478 -472
-467 -460 -452 -445 -430
-399 -357 -321 -291 -251
-188 -116 -53 -5 39
78 108 112 63 -66
-256 -441 -553 -589 -590
-594 -601 -593 -571 -551
-541 -537 -521 -511 -508
-530 -556 -582 -588 -581
-582 -593 -545 -345 4
367 572 508 94 -797
-2261 -4185 -6131 -7490 -7801
-7024 -5537 -3897 -2535 -1601
-1007 -604 -322 -170 -142
-166 -168 -141 -127 -135
-143 -133 -115 -111 -107
-102 -78 -65 -59 -66
-68 -61 -46 -28 -9
8 20 29 44 67
96 124 144 153 156
163 183 209 228 227
215 206 202 185 146
100 64 31 -12 -67
-118 -158 -190 -223 -256
-290 -321 -346 -369 -391
-411 -425 -431 -436 -444
-450 -456 -467 -487 -506
-516 -516 -511 -505 -496
-492 -496 -505 -509 -502
-494 -496 -507 -516 -511
-496 -480 -472 -471 -471
-459 -432 -387 -331 -266
-199 -135 -83 -45 -14
19 40 16 -87 -254
-432 -564 -638 -667 -674
-665 -647 -635 -635 -627
-594 -541 -520 -533 -567
-584 -604 -619 -615 -593
-591 -590 -491 -218 156
461 551 359 -198 -1258
-2883 -4843 -6603 -7565 -7429
-6341 -4768 -3230 -2058 -1300
-818 -475 -242 -136 -128
-143 -135 -112 -98 -99
-101 -94 -86 -71 -64
-50 -51 -51 -54 -46
-35 -22 -6 12 26
30 29 38 60 87
106 116 125 138 152
167 182 197 201 194
186 186 186 169 128
76 26 -15 -52 -91
-135 -180 -220 -251 -272
-289 -308 -328 -345 -356
-366 -381 -401 -420 -434
-441 -442 -439 -439 -444
-454 -462 -467 -468 -469
-471 -476 -479 -476 -470
-468 -473 -477 -468 -442
-415 -407 -416 -427 -420
-394 -354 -309 -259 -214
-170 -118 -56 0 41
63 58 -2 -131 -305
-469 -584 -639 -652 -641
-618 -597 -580 -561 -534
-501 -484 -474 -477 -477
-501 -534 -552 -539 -524
-530 -513 -370 -58 320
570 546 175 -618 -1941
-3755 -5705 -7190 -7696 -7098
-5714 -4079 -2656 -1648 -1014
-608 -325 -142 -72 -86
-114 -106 -68 -40 -31
-27 -23 -16 -17 -10
-9 3 17 41 56
58 55 61 77 94
109 124 140 157 176
199 222 241 255 265
273 283 299 318 327
320 296 265 230 192
151 108 64 16 -38
-95 -147 -188 -222 -248
-266 -279 -297 -323 -351
-369 -376 -379 -385 -393
-402 -411 -417 -418 -417
-420 -431 -446 -457 -456
-443 -430 -426 -432 -439
-438 -433 -431 -436 -439
-432 -416 -406 -403 -397
-373 -333 -283 -226 -160
-90 -26 22 61 100
134 128 49 -107 -294
-454 -546 -572 -564 -556
-553 -541 -513 -484 -461
-445 -426 -432 -447 -465
-462 -467 -478 -487 -491
-507 -489 -336 -14 360
606 599 262 -524 -1879
-3747 -5750 -7297 -7881 -7359
-6006 -4333 -2818 -1716 -1026
-602 -315 -130 -53 -57
-73 -61 -34 -23 -33
-43 -33 -17 2 9
26 30 30 28 42
64 80 90 100 110
117 129 150 174 192
211 240 271 294 312
333 357 375 382 384
379 365 337 299 260
220 173 118 62 10
-40 -91 -136 -171 -199
-229 -265 -292 -302 -304
-315 -343 -374 -392 -393
-393 -403 -418 -424 -422
-425 -436 -445 -440 -433
-436 -445 -449 -445 -444
-450 -457 -456 -447 -437
-431 -428 -423 -415 -398
-367 -320 -271 -225 -178
-119 -53 12 69 123
164 163 81 -82 -278
-441 -533 -556 -544 -523
-508 -503 -501 -490 -468
-439 -429 -425 -433 -435
-453 -470 -471 -461 -476
-516 -495 -306 52 435
649 575 139 -777 -2300
-4321 -6367 -7792 -8150 -7416
-5932 -4210 -2699 -1617 -931
-497 -215 -55 -2 -5
-8 7 27 32 28
33 48 67 67 67
61 70 80 96 113
129 137 139 147 168
200 229 250 272 302
337 365 388 416 452
483 502 517 534 544
538 525 507 473 416
356 309 269 217 152
89 30 -28 -83 -126
-158 -185 -213 -239 -260
-279 -301 -322 -336 -341
-343 -350 -361 -370 -378
-386 -392 -394 -394 -393
-392 -392 -399 -413 -423
-423 -418 -419 -425 -425
-411 -386 -365 -357 -356
-345 -314 -267 -221 -173
-112 -34 40 97 142
189 226 223 150 7
-177 -343 -447 -478 -473
-469 -474 -479 -479 -470
-449 -416 -402 -400 -412
-416 -441 -466 -466 -441
-441 -475 -453 -259 106
497 728 669 218 -758
-2360 -4443 -6533 -7999 -8391
-7657 -6129 -4334 -2750 -1616
-907 -463 -165 13 70
52 35 49 66 60
51 65 90 103 93
101 116 136 138 143
156 179 201 218 232
249 272 298 323 348
376 407 439 470 500
528 554 576 592 600
598 588 574 555 528
493 450 397 334 264
198 143 93 39 -18
-72 -117 -155 -186 -211
-237 -264 -286 -300 -309
-319 -330 -336 -336 -339
-354 -375 -384 -377 -369
-375 -390 -403 -410 -417
-424 -427 -427 -424 -416
-403 -390 -379 -360 -330
-302 -281 -257 -214 -156
-93 -29 38 99 149
189 225 246 221 124
-35 -210 -346 -419 -443
-449 -454 -455 -448 -439
-427 -414 -391 -382 -377
-387 -396 -420 -435 -429
-411 -419 -431 -350 -99
273 605 730 537 -75
-1232 -2969 -5044 -6912 -7967
-7887 -6791 -5137 -3463 -2139
-1257 -703 -333 -90 25
39 18 11 21 33
39 45 54 55 55
54 74 93 116 131
146 153 156 165 181
193 197 210 242 282
305 312 324 353 385
403 411 428 460 489
498 490 478 465 443
408 365 318 269 216
159 100 41 -15 -64
-106 -139 -166 -192 -222
-252 -276 -291 -301 -314
-332 -345 -349 -344 -337
-337 -344 -354 -363 -369
-373 -377 -384 -391 -397
-399 -398 -395 -392 -390
-387 -379 -371 -363 -357
-347 -332 -305 -269 -225
-180 -130 -71 -4 58
107 144 173 175 118
-15 -192 -355 -459 -506
-519 -514 -504 -496 -493
-488 -465 -434 -403 -402
-411 -429 -443 -469 -485
-476 -459 -459 -421 -237
114 480 667 565 117
-793 -2279 -4232 -6189 -7514
-7764 -6948 -5458 -3817 -2429
-1469 -881 -500 -219 -49
-7 -33 -40 -8 15
10 1 11 35 46
51 44 50 56 69
78 85 87 91 102
125 151 169 174 180
199 231 262 282 294
304 311 319 334 353
363 354 331 309 287
260 222 176 122 68
20 -19 -57 -97 -138
-171 -198 -221 -241 -257
-269 -284 -305 -330 -354
-368 -369 -360 -351 -348
-356 -368 -377 -381 -383
-383 -384 -385 -393 -405
-414 -419 -423 -427 -423
-405 -380 -365 -370 -379
-376 -350 -310 -268 -232
-193 -141 -75 -9 45
84 117 145 147 87
-49 -238 -414 -522 -556
-553 -544 -528 -503 -479
-464 -445 -414 -402 -408
-431 -436 -443 -451 -458
-459 -474 -498 -458 -266
74 428 619 539 124
-733 -2149 -4035 -5954 -7285
-7585 -6832 -5392 -3784 -2427
-1488 -904 -526 -263 -103
-48 -55 -63 -44 -16
-7 -12 -6 8 21
13 10 9 21 25
27 31 44 60 70
3750 3928 4062 4228 4433
4590 4702 4812 4950 5066
5153 5217 5292 5356 5409
5437 5468 5494 5524 5532
5539 5543 5563 5567 5564
5548 5556 5557 5540 5494
5476 5464 5429 5345 5287
5255 5204 5086 4986 4927
4862 4724 4592 4508 4438
4303 4162 4064 3997 3882
3758 3668 3613 3518 3395
3274 3193 3124 3075 3038
3028 3016 3008 2993 2990
2983 2978 2961 2952 2940
2932 2912 2903 2893 2884
2863 2854 2847 2835 2802
2778 2762 2743 2700 2667
2648 2627 2577 2535 2511
2487 2431 2379 2346 2321
2266 2212 2175 2150 2100
2046 2005 1977 1934 1893
1863 1844 1810 1770 1732
1704 1669 1628 1586 1558
1524 1480 1421 1374 1334
1298 1243 1189 1149 1141
1130 1105 1082 1114 1168
1194 1194 1266 1406 1522
1573 1686 1894 2092 2194
2327 2567 2823 2971 3109
3334 3592 3752 3878 4059
4278 4423 4525 4664 4867
5045 5178 5272 5355 5400
5421 5425 5445 5463 5483
5484 5484 5477 5483 5474
5456 5423 5412 5395 5357
5286 5241 5207 5147 5035
4949 4894 4824 4687 4567
4495 4425 4284 4146 4058
3994 3872 3746 3663 3615
3528 3436 3371 3343 3291
3235 3190 3173 3143 3114
3088 3081 3064 3048 3029
3024 3012 3005 2994 2992
2984 2977 2960 2953 2942
2929 2905 2890 2875 2860
2831 2816 2805 2786 2744
2714 2695 2671 2620 2580
2557 2531 2472 2421 2392
2365 2307 2252 2221 2196
2142 2094 2071 2051 1988
1906 1835 1782 1719 1661
1622 1602 1562 1508 1452
1414 1374 1327 1270 1228
1198 1179 1148 1119 1104
1124 1144 1151 1158 1230
1335 1414 1459 1575 1761
1922 2009 2149 2385 2611
2732 2874 3117 3373 3516
3643 3855 4098 4242 4345
4496 4679 4789 4857 4947
5070 5149 5195 5240 5310
5355 5382 5397 5426 5443
5457 5455 5464 5467 5475
5465 5454 5433 5428 5409
5375 5320 5290 5259 5206
5112 5046 4997 4927 4799
4693 4626 4554 4415 4290
4214 4150 4020 3891 3809
3757 3660 3561 3499 3469
3403 3330 3278 3257 3214
3167 3128 3115 3093 3076
3064 3067 3057 3047 3031
3026 3011 3000 2983 2977
2964 2950 2927 2914 2897
2877 2844 2823 2804 2781
2739 2710 2690 2665 2614
2575 2551 2524 2465 2414
2384 2358 2300 2245 2212
2188 2138 2090 2060 2040
1996 1954 1929 1913 1875
1835 1808 1791 1755 1712
1674 1650 1614 1566 1513
1479 1446 1413 1367 1335
1317 1315 1304 1291 1290
1336 1391 1430 1459 1554
1689 1799 1863 1995 2204
2392 2495 2642 2887 3127
3257 3396 3630 3879 4017
4130 4316 4533 4660 4743
4865 5019 5107 5156 5227
5342 5428 5478 5506 5542
5554 5550 5532 5533 5533
5534 5512 5489 5460 5444
5408 5356 5286 5239 5187
5114 5008 4930 4867 4784
4650 4540 4466 4387 4248
4124 4046 3983 3864 3749
3678 3638 3559 3483 3438
3423 3377 3327 3293 3287
3261 3237 3221 3223 3210
3199 3190 3193 3181 3169
3156 3151 3134 3117 3097
3085 3065 3047 3024 3011
2993 2976 2951 2939 2922
2902 2869 2848 2830 2805
2758 2722 2696 2667 2614
2575 2552 2523 2459 2402
2367 2337 2275 2219 2187
2164 2115 2072 2052 2037
1993 1952 1933 1919 1862
1782 1707 1655 1595 1532
1476 1448 1419 1381 1332
1306 1294 1291 1272 1261
1273 1325 1378 1420 1469
1582 1724 1841 1926 2076
2289 2477 2592 2750 2990
3218 3345 3482 3703 3933
4058 4163 4335 4535 4648
4719 4824 4956 5024 5056
5103 5180 5221 5236 5248
5284 5303 5309 5301 5308
5308 5305 5283 5271 5258
5250 5217 5180 5136 5108
5062 5002 4925 4871 4815
4738 4625 4539 4470 4385
4250 4137 4061 3988 3863
3750 3680 3628 3530 3436
3380 3352 3287 3220 3178
3166 3132 3099 3078 3078
3060 3046 3038 3043 3029
3016 3003 3000 2981 2963
2943 2932 2912 2896 2882
2876 2861 2845 2824 2812
2793 2771 2739 2720 2700
2674 2634 2607 2585 2555
2499 2454 2424 2392 2333
2283 2251 2225 2174 2127
2099 2080 2038 2003 1987
1976 1941 1909 1892 1880
1842 1804 1780 1764 1722
1670 1626 1600 1559 1507
1453 1423 1394 1357 1307
1279 1269 1275 1267 1268
1290 1353 1414 1461 1514
1632 1782 1906 1995 2151
2373 2570 2690 2848 3088
3319 3449 3582 3796 4022
4147 4242 4395 4576 4676
4732 4816 4931 4994 5017
5047 5107 5143 5149 5144
5164 5181 5180 5143 5106
5068 5031 4969 4911 4858
4819 4758 4685 4604 4547
4479 4393 4284 4202 4128
4041 3915 3813 3739 3669
3559 3464 3402 3360 3286
3217 3176 3160 3118 3076
3051 3051 3034 3018 3007
3015 3010 3008 3006 3013
3004 2998 2991 2991 2980
2975 2968 2967 2954 2944
2931 2925 2909 2897 2882
2876 2861 2849 2834 2828
2814 2795 2765 2746 2725
2699 2660 2632 2609 2582
2533 2496 2469 2442 2391
2348 2321 2300 2258 2226
2210 2198 2162 2130 2113
2101 2066 2034 2016 2005
1967 1922 1888 1870 1818
1730 1629 1569 1539 1516
1484 1484 1520 1575 1610
1655 1732 1852 1959 2053
2157 2325 2512 2672 2800
2983 3211 3413 3545 3705
3923 4132 4251 4367 4539
4720 4814 4882 4989 5120
5186 5218 5264 5335 5364
5369 5378 5417 5435 5435
5422 5433 5437 5429 5397
5381 5368 5352 5303 5262
5229 5202 5139 5068 4997
4944 4865 4772 4670 4596
4515 4414 4287 4189 4109
4025 3909 3816 3752 3698
3608 3532 3486 3456 3391
3332 3296 3283 3245 3216
3204 3200 3165 3133 3115
3105 3067 3037 3022 3010
2967 2931 2913 2897 2837
2760 2689 2635 2570 2515
2476 2453 2415 2372 2333
2307 2270 2225 2176 2141
2104 2057 1997 1952 1915
1873 1815 1770 1741 1706
1648 1599 1571 1540 1481
1429 1400 1372 1314 1259
1229 1203 1145 1080 1038
1012 960 891 835 812
786 741 693 687 702
702 678 691 753 826
864 919 1024 1167 1282
1388 1525 1720 1910 2071
2222 2426 2653 2845 2989
3171 3401 3607 3735 3870
4056 4238 4336 4421 4548
4687 4755 4797 4870 4968
5016 5033 5061 5119 5148
5151 5148 5177 5197 5194
5168 5174 5195 5191 5119
5031 4949 4874 4766 4662
4580 4521 4430 4322 4214
4137 4050 3955 3850 3775
3706 3636 3546 3478 3427
3386 3321 3270 3236 3221
3188 3162 3146 3143 3121
3103 3091 3092 3078 3068
3062 3064 3052 3045 3041
3040 3023 3011 3002 2997
2975 2962 2955 2951 2924
2898 2878 2863 2829 2796
2767 2748 2712 2674 2634
2607 2571 2532 2489 2459
2427 2391 2345 2312 2283
2250 2201 2164 2137 2109
2064 2031 2011 1988 1940
1897 1870 1846 1793 1738
1699 1677 1632 1571 1519
1503 1480 1430 1370 1364
1386 1378 1325 1338 1456
1626 1761 1906 2095 2298
2438 2558 2719 2933 3122
3277 3428 3618 3800 3950
4068 4213 4373 4513 4602
4691 4798 4902 4956 5000
5059 5128 5158 5176 5204
5253 5274 5280 5282 5308
5319 5315 5291 5293 5294
5280 5234 5209 5198 5176
5107 5051 5017 4981 4889
4794 4721 4663 4564 4457
4365 4301 4209 4104 4000
3928 3849 3765 3673 3608
3549 3495 3426 3376 3339
3311 3264 3228 3203 3193
3168 3151 3141 3140 3119
3105 3094 3091 3070 3056
3047 3043 3021 3008 3001
2996 2970 2951 2939 2929
2897 2877 2869 2861 2815
2759 2708 2669 2613 2558
2512 2482 2442 2399 2357
2330 2296 2261 2223 2198
2172 2143 2103 2075 2051
2028 1992 1968 1950 1928
1883 1844 1815 1787 1735
1682 1643 1621 1580 1528
1482 1472 1462 1431 1390
1403 1451 1483 1481 1528
1636 1742 1789 1868 2021
2199 2314 2429 2605 2820
2982 3119 3286 3501 3688
3839 3980 4154 4319 4455
4555 4672 4797 4909 4974
5039 5114 5192 5228 5254
5286 5333 5351 5358 5367
5399 5413 5411 5396 5406
5410 5398 5361 5355 5359
5339 5269 5224 5206 5171
5069 4981 4936 4887 4735
4528 4332 4183 4029 3892
3788 3731 3663 3591 3518
3475 3432 3394 3348 3322
3298 3284 3261 3250 3239
3234 3214 3203 3191 3186
3166 3154 3144 3138 3117
3106 3097 3090 3064 3046
3032 3022 2992 2973 2961
2950 2920 2899 2890 2880
2840 2800 2771 2748 2701
2656 2625 2602 2557 2506
2463 2434 2391 2342 2294
2260 2222 2182 2138 2107
2076 2043 2003 1976 1952
1922 1876 1839 1811 1781
1733 1693 1664 1635 1579
1518 1471 1448 1408 1352
1299 1295 1297 1269 1222
1243 1315 1361 1352 1409
1554 1682 1715 1800 2060
2441 2780 3070 3358 3638
3829 3961 4102 4286 4449
4573 4671 4783 4886 4969
5020 5074 5132 5189 5216
5235 5251 5280 5287 5284
5273 5281 5280 5266 5234
5229 5224 5199 5137 5100
5080 5043 4952 4882 4842
4794 4681 4575 4508 4449
4328 4205 4121 4061 3951
3827 3727 3664 3575 3479
3394 3342 3283 3224 3165
3132 3101 3077 3046 3031
3016 3010 2995 2990 2984
2984 2972 2968 2961 2957
2940 2930 2919 2912 2892
2880 2872 2865 2843 2831
2825 2818 2794 2781 2779
2772 2738 2712 2699 2683
2640 2604 2589 2572 2507
2418 2332 2267 2199 2141
2098 2074 2042 2009 1979
1962 1938 1913 1884 1865
1842 1811 1769 1737 1705
1668 1615 1571 1536 1502
1444 1385 1338 1317 1282
1231 1184 1193 1221 1227
1210 1261 1366 1447 1471
1556 1732 1906 1995 2114
2331 2572 2721 2860 3080
3342 3527 3672 3854 4078
4252 4380 4506 4661 4792
4889 4961 5047 5128 5196
5231 5260 5282 5308 5311
5308 5299 5307 5302 5287
5258 5253 5245 5217 5156
5121 5098 5058 4972 4909
4876 4828 4716 4619 4563
4506 4381 4260 4185 4126
4005 3878 3793 3736 3619
3467 3325 3232 3149 3091
3057 3054 3040 3025 3003
2997 2987 2986 2981 2986
2981 2977 2960 2952 2940
2934 2921 2918 2913 2907
2889 2880 2871 2861 2835
2818 2807 2792 2756 2730
2715 2698 2656 2621 2601
2582 2535 2492 2465 2442
2391 2338 2300 2274 2227
2181 2146 2123 2084 2044
2013 1993 1962 1931 1905
1889 1862 1827 1788 1759
1725 1680 1622 1576 1536
1494 1433 1376 1334 1313
1281 1237 1202 1218 1248
1253 1239 1298 1412 1497
1525 1624 1816 1993 2078
2207 2449 2699 2837 2978
3224 3499 3662 3799 4045
4394 4697 4919 5096 5251
5334 5366 5386 5429 5461
5479 5479 5488 5493 5501
5492 5479 5459 5452 5434
5404 5356 5332 5305 5259
5177 5123 5084 5024 4910
4822 4768 4699 4558 4431
4351 4278 4139 4005 3922
3864 3749 3630 3552 3509
3427 3336 3270 3241 3192
3141 3102 3090 3067 3045
3025 3023 3012 3004 2992
2991 2983 2979 2969 2968
2959 2952 2935 2928 2917
2904 2880 2865 2850 2834
2806 2791 2780 2761 2719
2689 2669 2647 2599 2565
2549 2528 2472 2421 2392
2365 2306 2252 2222 2197
2139 2084 2053 2028 1965
1887 1823 1777 1715 1653
1608 1581 1538 1483 1427
1390 1348 1297 1234 1187
1152 1126 1086 1050 1031
1051 1070 1074 1080 1159
1276 1364 1418 1548 1757
1938 2037 2192 2451 2700
2835 2989 3254 3534 3695
3832 4054 4310 4462 4566
4717 4905 5019 5085 5166
5278 5348 5384 5415 5470
5504 5521 5524 5541 5547
5550 5536 5530 5518 5516
5497 5472 5436 5420 5392
5345 5269 5219 5174 5107
4996 4913 4857 4779 4637
4516 4440 4359 4206 4063
3973 3905 3778 3652 3575
3529 3435 3336 3271 3242
3185 3124 3084 3071 3037
2999 2968 2958 2939 2926
2915 2917 2906 2896 2881
2876 2861 2849 2833 2828
2814 2795 2765 2745 2725
2702 2668 2647 2630 2605
2557 2522 2496 2465 2406
2358 2330 2300 2240 2188
2159 2132 2074 2019 1988
1963 1911 1863 1836 1816
1767 1719 1691 1671 1622
1567 1528 1503 1455 1396
1344 1311 1267 1206 1137
1090 1054 1020 975 944
935 955 967 972 992
1075 1179 1257 1318 1458
1660 1831 1936 2107 2373
2617 2754 2923 3203 3485
3641 3784 4022 4283 4429
4532 4700 4903 5020 5086
5182 5314 5393 5429 5467
5535 5578 5593 5593 5609
5613 5608 5582 5565 5547
5533 5494 5451 5402 5369
5318 5247 5155 5090 5025
4933 4799 4693 4611 4513
4360 4232 4147 4066 3925
3795 3716 3659 3552 3449
3388 3356 3283 3208 3161
3146 3105 3061 3033 3030
3012 2996 2987 2992 2980
2966 2952 2948 2934 2925
2918 2919 2905 2891 2872
2860 2839 2820 2799 2787
2768 2745 2714 2696 2675
2647 2602 2569 2541 2506
2448 2404 2375 2340 2275
2219 2185 2154 2097 2051
2027 2006 1953 1906 1882
1861 1810 1761 1737 1717
1664 1607 1573 1553 1485
1376 1264 1192 1135 1077
1016 994 1001 1015 1009
1022 1072 1162 1237 1305
1394 1552 1727 1873 1998
2193 2439 2650 2794 2989
3265 3520 3671 3833 4075
4318 4448 4558 4737 4938
5044 5110 5215 5348 5412
5439 5486 5565 5605 5615
5622 5656 5668 5665 5653
5667 5677 5678 5651 5636
5620 5606 5562 5521 5484
5458 5402 5328 5244 5184
5109 5011 4889 4798 4715
4611 4464 4345 4258 4168
4028 3907 3830 3767 3653
3548 3485 3448 3368 3288
3239 3220 3174 3130 3105
3104 3080 3058 3046 3048
3029 3012 3001 3000 2976
2950 2924 2910 2885 2867
2856 2852 2832 2809 2783
2767 2740 2709 2675 2653
2624 2586 2534 2496 2462
2423 2366 2323 2292 2258
2200 2151 2121 2093 2040
1996 1971 1948 1901 1862
1843 1826 1777 1731 1706
1685 1632 1576 1539 1517
1466 1402 1349 1323 1284
1225 1161 1135 1125 1107
1068 1062 1096 1150 1183
1226 1307 1437 1556 1659
1775 1957 2158 2327 2465
2667 2921 3146 3296 3481
3739 3982 4122 4259 4463
4675 4787 4870 5004 5161
5241 5282 5350 5447 5494
5507 5528 5581 5608 5607
5596 5618 5634 5630 5590
5565 5546 5520 5452 5390
5341 5301 5219 5125 5035
4968 4873 4755 4624 4525
4427 4315 4178 4073 3988
3897 3766 3658 3584 3526
3434 3355 3307 3282 3225
3171 3139 3130 3097 3066
3048 3048 3031 3018 3011
3016 3000 2986 2974 2971
2952 2938 2927 2923 2904
2890 2880 2875 2855 2837
2820 2810 2784 2758 2733
2717 2690 2656 2615 2586
2553 2515 2470 2439 2409
2369 2308 2258 2221 2187
2133 2092 2066 2042 1996
1958 1938 1920 1876 1837
1816 1800 1757 1717 1694
1679 1631 1568 1517 1492
1452 1391 1327 1307 1298
1267 1208 1196 1242 1310
1348 1409 1526 1687 1819
1941 2093 2304 2508 2680
2840 3057 3299 3508 3660
3842 4066 4270 4394 4517
4683 4848 4934 5001 5103
5223 5279 5305 5348 5416
5444 5447 5452 5484 5496
5490 5472 5481 5487 5478
5442 5426 5417 5399 5344
-721 -724 -725 -715 -703
-693 -692 -692 -694 -694
-695 -691 -684 -676 -673
-672 -671 -666 -664 -663
-665 -665 -666 -665 -657
-643 -634 -633 -635 -631
-625 -623 -628 -632 -636
-636 -635 -631 -627 -624
-626 -630 -635 -637 -637
-634 -635 -637 -637 -631
-628 -627 -627 -624 -625
-628 -630 -620 -603 -589
-585 -586 -588 -589 -589
-585 -579 -571 -569 -567
-557 -538 -526 -526 -532
-531 -529 -529 -530 -529
-531 -533 -526 -506 -491
-490 -491 -482 -472 -471
-472 -463 -454 -452 -454
-446 -436 -433 -434 -428
-419 -414 -414 -410 -402
-394 -393 -394 -396 -395
-395 -393 -390 -386 -384
-384 -386 -386 -386 -385
-385 -385 -387 -386 -378
-364 -354 -353 -358 -358
-356 -355 -357 -357 -356
-354 -358 -369 -384 -392
-385 -363 -342 -333 -336
-343 -353 -360 -358 -351
-354 -366 -362 -344 -332
-335 -333 -315 -304 -308
-307 -289 -279 -297 -313
-283 -246 -289 -381 -300
164 893 1427 1365 755
57 -313 -321 -224 -215
-266 -275 -238 -222 -238
-241 -228 -230 -253 -263
-249 -227 -217 -214 -211
-215 -227 -237 -235 -218
-201 -193 -192 -191 -192
-196 -197 -186 -169 -156
-153 -151 -145 -138 -134
-132 -128 -119 -114 -113
-116 -117 -117 -116 -106
-87 -74 -74 -78 -78
-77 -79 -74 -59 -48
-48 -47 -34 -20 -17
-19 -13 -2 2 0
2 8 11 10 10
10 9 9 11 11
8 6 15 32 47
52 48 42 38 38
39 43 47 49 49
48 48 47 48 53
62 70 70 63 54
47 45 50 60 68
70 66 58 49 44
48 58 66 67 67
69 69 64 65 79
97 107 108 107 106
104 104 110 118 123
125 128 135 142 145
146 152 160 165 165
169 178 185 185 182
182 183 183 186 195
204 204 202 201 203
202 202 203 203 201
202 204 203 198 201
212 220 218 219 233
252 259 260 265 273
278 280 282 286 286
287 293 305 314 318
321 330 341 348 349
356 369 377 377 382
395 407 406 407 416
425 424 425 435 444
441 444 462 481 483
481 489 500 501 500
507 518 519 519 526
536 538 539 544 553
557 559 562 570 576
579 579 579 576 575
579 594 611 620 619
615 614 617 617 619
622 627 627 626 626
626 624 629 643 656
657 655 654 656 654
654 656 656 651 653
666 681 683 683 691
706 713 714 714 719
722 724 723 723 721
721 724 732 739 744
742 742 740 741 742
748 756 763 762 760
759 763 762 758 748
741 738 744 754 761
761 761 761 761 758
761 769 779 781 781
780 781 779 780 781
782 777 778 785 795
798 799 802 811 817
820 820 820 816 816
820 835 851 861 859
856 855 857 857 862
871 877 876 880 889
897 895 898 907 916
914 917 933 953 957
954 951 954 953 953
956 962 963 963 968
984 996 997 985 972
963 962 962 964 963
964 962 963 963 965
962 958 955 956 953
946 937 936 934 925
905 895 894 891 871
855 852 859 858 857
858 856 838 820 814
819 819 818 819 820
812 803 798 800 795
786 777 778 784 794
800 802 796 788 780
778 781 790 798 803
799 791 782 779 779
781 780 780 779 781
780 779 778 784 793
801 801 799 797 800
800 800 797 799 801
800 796 799 804 802
788 782 784 783 770
763 767 766 747 731
729 728 708 684 673
670 652 626 609 603
587 553 519 504 497
461 409 386 386 348
273 240 251 207 99
47 68 26 -89 -97
-14 -207 -894 -1713 -2066
-1782 -1185 -678 -453 -502
-668 -763 -744 -747 -853
-970 -996 -998 -1069 -1177
-1227 -1238 -1281 -1365 -1423
-1445 -1472 -1545 -1619 -1656
-1668 -1713 -1785 -1834 -1838
-1859 -1923 -1981 -1982 -1976
-2007 -2052 -2056 -2047 -2066
-2107 -2115 -2099 -2096 -2122
-2135 -2119 -2093 -2100 -2117
-2102 -2049 -2018 -2022 -2019
-1975 -1943 -1948 -1946 -1889
-1828 -1809 -1807 -1767 -1719
-1700 -1692 -1658 -1617 -1598
-1590 -1552 -1494 -1449 -1431
-1405 -1363 -1326 -1316 -1291
-1235 -1215 -1278 -1244 -838
-79 561 609 72 -595
-988 -1041 -943 -869 -873
-890 -859 -792 -757 -760
-751 -704 -671 -673 -668
-623 -581 -577 -575 -533
-477 -455 -454 -434 -404
-393 -392 -364 -315 -279
-268 -256 -224 -185 -167
-164 -154 -128 -110 -108
-101 -74 -50 -49 -59
-57 -46 -43 -45 -35
-16 -9 -24 -43 -47
-43 -49 -67 -77 -73
-76 -96 -113 -113 -114
-131 -150 -151 -152 -167
-186 -189 -189 -207 -233
-247 -251 -258 -274 -284
-289 -295 -309 -321 -327
-333 -351 -375 -389 -390
-393 -405 -416 -416 -423
-441 -455 -454 -459 -477
-493 -491 -496 -523 -551
-554 -549 -556 -569 -569
-568 -582 -604 -611 -607
-605 -608 -606 -606 -613
-629 -638 -638 -634 -634
-637 -638 -634 -630 -626
-626 -626 -630 -636 -640
-634 -623 -610 -605 -605
-607 -607 -609 -608 -597
-578 -567 -566 -566 -556
-548 -547 -548 -539 -529
-527 -529 -522 -511 -506
-510 -513 -511 -507 -510
-513 -512 -505 -508 -522
-541 -549 -551 -550 -549
-547 -547 -552 -562 -566
-568 -571 -578 -585 -588
-589 -595 -603 -608 -608
-612 -621 -629 -628 -625
-624 -627 -628 -626 -624
-627 -628 -626 -623 -626
-629 -625 -614 -607 -608
-607 -597 -589 -588 -589
-579 -571 -570 -570 -557
-539 -528 -528 -529 -530
-531 -531 -526 -518 -512
-510 -508 -510 -512 -514
-508 -494 -478 -470 -470
-471 -472 -476 -475 -456
-427 -414 -416 -405 -374
-355 -359 -351 -314 -288
-291 -287 -248 -213 -214
-213 -171 -123 -112 -117
-97 -66 -57 -60 -42
-13 1 0 10 32
48 51 52 58 65
68 72 84 102 113
108 96 87 85 87
92 101 109 109 100
90 87 88 84 74
66 66 68 67 67
69 67 57 49 48
47 35 14 2 7
22 34 38 39 39
39 37 38 40 40
36 35 44 57 65
68 69 69 65 62
70 92 117 129 128
129 138 147 147 144
144 143 142 151 171
184 183 186 204 223
224 220 222 223 216
221 247 275 282 279
281 281 274 275 296
319 324 325 339 361
372 376 382 394 399
403 411 426 436 441
448 468 491 502 505
519 545 563 562 567
585 599 598 606 634
658 658 656 671 685
680 687 722 759 766
760 768 780 777 778
801 830 838 838 845
855 852 853 871 899
911 915 923 939 948
953 960 975 985 990
997 1021 1047 1063 1064
1071 1087 1099 1099 1112
1138 1159 1157 1164 1192
1217 1216 1216 1234 1254
1250 1255 1288 1328 1335
1329 1331 1340 1336 1337
1356 1381 1386 1386 1395
1411 1413 1414 1425 1444
1451 1454 1461 1478 1489
1495 1496 1503 1507 1511
1515 1529 1543 1552 1553
1563 1579 1593 1592 1593
1600 1611 1610 1610 1612
1620 1618 1620 1628 1638
1637 1639 1649 1666 1669
1667 1663 1667 1666 1667
1668 1675 1677 1677 1672
1669 1664 1666 1668 1674
1675 1677 1675 1677 1674
1676 1675 1677 1674 1675
1675 1685 1691 1697 1695
1695 1694 1696 1694 1696
1695 1694 1692 1703 1719
1736 1738 1732 1724 1725
1724 1725 1721 1724 1725
1725 1720 1724 1728 1726
1706 1685 1671 1674 1680
1691 1696 1698 1690 1682
1675 1676 1673 1671 1666
1666 1664 1667 1666 1667
1665 1666 1665 1669 1665
1658 1642 1634 1633 1646
1658 1670 1668 1661 1646
1637 1634 1638 1638 1638
1634 1638 1638 1638 1633
1638 1649 1664 1667 1668
1665 1667 1665 1667 1666
1668 1664 1666 1668 1674
1674 1676 1677 1687 1694
1698 1694 1694 1694 1698
1694 1687 1677 1675 1674
1677 1675 1676 1675 1677
1675 1677 1676 1675 1668
1667 1665 1667 1664 1667
1668 1665 1649 1639 1635
1638 1629 1620 1615 1619
1618 1618 1618 1620 1614
1611 1608 1610 1604 1596
1588 1588 1588 1591 1588
1589 1588 1590 1588 1590
1588 1590 1588 1590 1588
1590 1588 1591 1589 1589
1587 1592 1591 1583 1562
1550 1547 1552 1550 1551
1552 1551 1538 1532 1532
1532 1514 1497 1489 1493
1492 1493 1495 1496 1481
1464 1452 1453 1453 1455
1455 1457 1450 1443 1436
1436 1431 1426 1417 1416
1413 1409 1399 1395 1394
1397 1397 1399 1396 1388
1368 1354 1352 1365 1377
1389 1390 1384 1367 1359
1357 1358 1348 1340 1336
1339 1335 1330 1327 1330
1328 1329 1329 1331 1327
1328 1331 1333 1321 1309
1300 1300 1297 1295 1291
1291 1288 1290 1292 1295
1288 1274 1257 1251 1249
1247 1237 1233 1231 1229
1218 1214 1214 1208 1186
1174 1175 1172 1151 1136
1136 1136 1115 1099 1102
1101 1083 1077 1088 1085
1056 1046 1063 1062 1025
1011 1041 1047 987 959
1039 1089 824 179 -518
-773 -397 320 888 1067
986 905 921 960 947
912 906 925 924 907
904 923 926 902 870
857 859 859 855 857
861 856 836 820 817
819 809 801 800 801
786 767 759 761 756
747 741 741 740 741
743 744 737 729 724
725 718 703 687 681
681 685 685 685 682
677 668 666 664 656
636 624 623 626 621
616 616 615 605 597
597 597 587 578 579
578 562 543 535 539
545 554 564 563 545
527 521 522 511 494
482 479 479 481 484
485 476 462 447 441
440 442 445 448 442
423 396 383 383 378
358 344 344 345 335
327 328 324 304 288
289 288 265 242 237
241 233 222 222 223
208 189 181 183 178
168 164 164 159 151
145 144 143 144 147
148 140 125 110 103
104 107 108 108 105
98 90 88 87 77
58 47 48 43 24
7 7 10 4 -1
3 -2 -25 -47 -50
-48 -59 -75 -78 -76
-84 -94 -96 -95 -103
-112 -114 -114 -122 -131
-131 -132 -142 -159 -170
-173 -179 -193 -207 -214
-215 -219 -226 -231 -233
-243 -261 -272 -272 -275
-288 -302 -303 -296 -291
-288 -285 -294 -317 -338
-341 -336 -336 -338 -336
-337 -346 -356 -356 -356
-358 -358 -351 -352 -373
-401 -415 -417 -415 -414
-411 -412 -419 -428 -430
-431 -438 -454 -467 -473
-475 -481 -486 -489 -493
-510 -536 -553 -552 -552
-561 -570 -569 -574 -592
-609 -609 -608 -617 -627
-624 -628 -649 -673 -677
-674 -680 -692 -694 -693
-701 -718 -725 -724 -721
-722 -722 -723 -722 -723
-721 -721 -724 -729 -730
-731 -734 -741 -749 -754
-751 -744 -733 -727 -731
-747 -763 -773 -772 -774
-783 -792 -792 -789 -788
-790 -789 -792 -800 -810
-810 -809 -808 -810 -807
-809 -817 -827 -828 -829
-833 -844 -850 -850 -842
-834 -825 -826 -832 -843
-847 -849 -848 -848 -846
-846 -849 -858 -865 -869
-867 -866 -865 -867 -867
-868 -866 -866 -866 -872
-881 -888 -887 -886 -885
-886 -884 -888 -897 -906
-906 -905 -905 -906 -903
-905 -914 -924 -924 -925
-931 -941 -944 -945 -944
-945 -941 -942 -948 -958
-961 -963 -965 -970 -970
-971 -976 -988 -998 -1004
-1003 -1006 -1008 -1011 -1012
-1018 -1026 -1031 -1031 -1038
-1050 -1062 -1061 -1061 -1064
-1070 -1069 -1071 -1079 -1089
-1088 -1089 -1097 -1108 -1108
-1108 -1114 -1126 -1129 -1128
-1125 -1127 -1127 -1127 -1127
-1128 -1125 -1126 -1130 -1140
-1146 -1149 -1144 -1136 -1125
-1123 -1129 -1147 -1162 -1171
-1165 -1156 -1147 -1145 -1145
-1148 -1146 -1145 -1144 -1152
-1160 -1166 -1165 -1169 -1176
-1187 -1187 -1184 -1181 -1186
-1187 -1184 -1173 -1167 -1164
-1166 -1164 -1166 -1166 -1167
-1163 -1165 -1168 -1168 -1154
-1137 -1124 -1124 -1129 -1140
-1148 -1151 -1139 -1123 -1108
-1105 -1106 -1109 -1108 -1108
-1106 -1107 -1108 -1111 -1107
-1095 -1076 -1066 -1066 -1071
-1070 -1069 -1069 -1068 -1061
-1061 -1062 -1055 -1031 -1011
-1006 -1012 -1013 -1011 -1010
-1012 -1007 -1002 -1001 -1003
-1000 -1001 -1004 -1005 -990
-973 -961 -962 -962 -964
-963 -964 -961 -962 -964
-967 -959 -944 -927 -921
-922 -926 -925 -925 -923
-919 -909 -903 -903 -911
-919 -928 -928 -917 -897
-886 -885 -885 -875 -866
-865 -868 -865 -866 -870
-868 -849 -832 -827 -829
-821 -812 -809 -810 -803
-794 -790 -791 -785 -777
-771 -771 -767 -760 -752
-750 -750 -752 -752 -753
-749 -744 -735 -730 -730
-733 -733 -732 -731 -732
-731 -733 -733 -730 -723
-724 -726 -717 -693 -674
-671 -675 -673 -674 -678
-675 -653 -630 -622 -626
-625 -625 -629 -629 -614
-596 -587 -587 -585 -586
-591 -593 -578 -553 -532
-525 -527 -531 -532 -531
-527 -521 -514 -512 -509
-499 -480 -469 -469 -473
-472 -473 -474 -466 -445
-432 -436 -434 -419 -411
-418 -418 -405 -409 -427
-421 -389 -387 -417 -409
-356 -363 -458 -441 -55
645 1233 1267 728 25
-405 -471 -381 -346 -382
-408 -392 -376 -387 -404
-403 -397 -404 -419 -421
-418 -424 -437 -440 -433
-430 -433 -433 -440 -457
-475 -477 -469 -459 -453
-450 -454 -462 -472 -473
-472 -472 -473 -471 -471
-473 -473 -468 -470 -483
-501 -512 -513 -508 -499
-488 -486 -497 -516 -528
-531 -532 -538 -546 -552
-550 -548 -548 -549 -550
-555 -563 -571 -570 -567
-566 -569 -570 -568 -566
-569 -571 -566 -555 -549
-548 -550 -547 -549 -552
-550 -538 -531 -531 -531
-521 -513 -512 -512 -503
-494 -494 -494 -482 -464
-454 -452 -448 -441 -436
-434 -429 -422 -418 -417
-410 -391 -365 -351 -352
-359 -359 -357 -356 -349
-335 -327 -326 -322 -304
-286 -284 -291 -291 -288
-287 -290 -289 -289 -291
-289 -274 -254 -245 -249
-258 -267 -271 -271 -265
-256 -248 -248 -255 -264
-270 -271 -270 -269 -269
-270 -270 -270 -269 -269
-270 -271 -269 -268 -269
-276 -285 -291 -290 -288
-288 -290 -290 -289 -288
-289 -290 -289 -288 -289
-290 -288 -279 -271 -267
-269 -272 -270 -266 -269
-277 -286 -289 -289 -292
